QUBIT_COORDS(2.5, 3.5) 0
QUBIT_COORDS(2.5, 5.5) 1
QUBIT_COORDS(2.5, 7.5) 2
QUBIT_COORDS(3, 3) 3
QUBIT_COORDS(3, 4) 4
QUBIT_COORDS(3, 5) 5
QUBIT_COORDS(3, 6) 6
QUBIT_COORDS(3, 7) 7
QUBIT_COORDS(3, 8) 8
QUBIT_COORDS(3.5, 2.5) 9
QUBIT_COORDS(3.5, 3.5) 10
QUBIT_COORDS(3.5, 4.5) 11
QUBIT_COORDS(3.5, 5.5) 12
QUBIT_COORDS(3.5, 6.5) 13
QUBIT_COORDS(3.5, 7.5) 14
QUBIT_COORDS(4, 3) 15
QUBIT_COORDS(4, 4) 16
QUBIT_COORDS(4, 5) 17
QUBIT_COORDS(4, 6) 18
QUBIT_COORDS(4, 7) 19
QUBIT_COORDS(4, 8) 20
QUBIT_COORDS(4.5, 4.5) 21
QUBIT_COORDS(4.5, 5.5) 22
QUBIT_COORDS(4.5, 6.5) 23
QUBIT_COORDS(4.5, 7.5) 24
QUBIT_COORDS(4.5, 8.5) 25
QUBIT_COORDS(5, 3) 26
QUBIT_COORDS(5, 4) 27
QUBIT_COORDS(5, 6) 28
QUBIT_COORDS(5, 7) 29
QUBIT_COORDS(5, 8) 30
QUBIT_COORDS(5.5, 4.5) 31
QUBIT_COORDS(5.5, 5.5) 32
QUBIT_COORDS(5.5, 6.5) 33
QUBIT_COORDS(6, 3) 34
QUBIT_COORDS(6, 4) 35
QUBIT_COORDS(6, 5) 36
QUBIT_COORDS(6.5, 2.5) 37
QUBIT_COORDS(6.5, 3.5) 38
QUBIT_COORDS(6.5, 4.5) 39
QUBIT_COORDS(7, 3) 40
QUBIT_COORDS(7, 4) 41
QUBIT_COORDS(7, 5) 42
QUBIT_COORDS(7.5, 3.5) 43
QUBIT_COORDS(7.5, 4.5) 44
QUBIT_COORDS(7.5, 5.5) 45
QUBIT_COORDS(8, 3) 46
QUBIT_COORDS(8, 4) 47
QUBIT_COORDS(8, 5) 48
QUBIT_COORDS(8.5, 2.5) 49
QUBIT_COORDS(8.5, 3.5) 50
QUBIT_COORDS(8.5, 4.5) 51
QUBIT_COORDS(9, 3) 52
QUBIT_COORDS(9, 4) 53
QUBIT_COORDS(9, 5) 54
QUBIT_COORDS(9.5, 3.5) 55
QUBIT_COORDS(9.5, 4.5) 56
QUBIT_COORDS(9.5, 5.5) 57
QUBIT_COORDS(10, 3) 58
QUBIT_COORDS(10, 4) 59
QUBIT_COORDS(10, 5) 60
QUBIT_COORDS(10.5, 2.5) 61
QUBIT_COORDS(10.5, 3.5) 62
QUBIT_COORDS(10.5, 4.5) 63
QUBIT_COORDS(11, 3) 64
QUBIT_COORDS(11, 4) 65
QUBIT_COORDS(11, 5) 66
QUBIT_COORDS(11.5, 4.5) 67
QUBIT_COORDS(12, 3) 68
QUBIT_COORDS(12, 4) 69
QUBIT_COORDS(12, 5) 70
QUBIT_COORDS(12, 6) 71
QUBIT_COORDS(12.5, 4.5) 72
QUBIT_COORDS(12.5, 7.5) 73
QUBIT_COORDS(13, 3) 74
QUBIT_COORDS(13, 4) 75
QUBIT_COORDS(13, 5) 76
QUBIT_COORDS(13, 6) 77
QUBIT_COORDS(13, 7) 78
QUBIT_COORDS(13, 8) 79
QUBIT_COORDS(13.5, 2.5) 80
QUBIT_COORDS(13.5, 3.5) 81
QUBIT_COORDS(13.5, 4.5) 82
QUBIT_COORDS(13.5, 5.5) 83
QUBIT_COORDS(13.5, 6.5) 84
QUBIT_COORDS(13.5, 7.5) 85
QUBIT_COORDS(14, 3) 86
QUBIT_COORDS(14, 4) 87
QUBIT_COORDS(14, 5) 88
QUBIT_COORDS(14, 6) 89
QUBIT_COORDS(14, 7) 90
QUBIT_COORDS(14, 8) 91
QUBIT_COORDS(14.5, 3.5) 92
QUBIT_COORDS(14.5, 4.5) 93
QUBIT_COORDS(14.5, 5.5) 94
QUBIT_COORDS(14.5, 6.5) 95
QUBIT_COORDS(14.5, 7.5) 96
QUBIT_COORDS(14.5, 8.5) 97
QUBIT_COORDS(15, 4) 98
QUBIT_COORDS(15, 5) 99
QUBIT_COORDS(15, 6) 100
QUBIT_COORDS(15, 7) 101
QUBIT_COORDS(15, 8) 102
QUBIT_COORDS(15.5, 4.5) 103
QUBIT_COORDS(15.5, 6.5) 104
#!pragma POLYGON(0,0,1,0.25) 18 28 29 19
#!pragma POLYGON(0,0,1,0.25) 7 19 20 8
#!pragma POLYGON(0,0,1,0.25) 89 100 101 90
#!pragma POLYGON(0,0,1,0.25) 78 90 91 79
#!pragma POLYGON(0,0,1,0.25) 18 6
#!pragma POLYGON(0,0,1,0.25) 89 77
#!pragma POLYGON(0,0,1,0.25) 30 20
#!pragma POLYGON(0,0,1,0.25) 102 91
#!pragma POLYGON(1,0,0,0.25) 6 18 19 7
#!pragma POLYGON(1,0,0,0.25) 19 29 30 20
#!pragma POLYGON(1,0,0,0.25) 28 29
#!pragma POLYGON(1,0,0,0.25) 77 89 90 78
#!pragma POLYGON(1,0,0,0.25) 90 101 102 91
#!pragma POLYGON(1,0,0,0.25) 78 79
#!pragma POLYGON(1,0,0,0.25) 7 8
#!pragma POLYGON(1,0,0,0.25) 100 101
TICK
R 6 7 8 18 19 20 28 29 30 77 78 79 89 90 91 100 101 102
TICK
TICK
#!pragma POLYGON(0,0,1,0.25) 18 28 29 19
#!pragma POLYGON(0,0,1,0.25) 7 19 20 8
#!pragma POLYGON(0,0,1,0.25) 5 17 18 6
#!pragma POLYGON(0,0,1,0.25) 3 15 16 4
#!pragma POLYGON(0,0,1,0.25) 41 47 48 42
#!pragma POLYGON(0,0,1,0.25) 53 59 60 54
#!pragma POLYGON(0,0,1,0.25) 46 52 53 47
#!pragma POLYGON(0,0,1,0.25) 58 64 65 59
#!pragma POLYGON(0,0,1,0.25) 65 67 66
#!pragma POLYGON(0,0,1,0.25) 72 67
#!pragma POLYGON(0,0,1,0.25) 75 76 72
#!pragma POLYGON(0,0,1,0.25) 89 100 101 90
#!pragma POLYGON(0,0,1,0.25) 78 90 91 79
#!pragma POLYGON(0,0,1,0.25) 87 98 99 88
#!pragma POLYGON(0,0,1,0.25) 76 88 89 77
#!pragma POLYGON(0,0,1,0.25) 74 86 87 75
#!pragma POLYGON(0,0,1,0.25) 16 21 17
#!pragma POLYGON(0,0,1,0.25) 31 21
#!pragma POLYGON(0,0,1,0.25) 35 36 31
#!pragma POLYGON(0,0,1,0.25) 34 40 41 35
#!pragma POLYGON(0,0,1,0.25) 30 20
#!pragma POLYGON(0,0,1,0.25) 102 91
#!pragma POLYGON(1,0,0,0.25) 6 18 19 7
#!pragma POLYGON(1,0,0,0.25) 19 29 30 20
#!pragma POLYGON(1,0,0,0.25) 4 16 17 5
#!pragma POLYGON(1,0,0,0.25) 40 46 47 41
#!pragma POLYGON(1,0,0,0.25) 47 53 54 48
#!pragma POLYGON(1,0,0,0.25) 52 58 59 53
#!pragma POLYGON(1,0,0,0.25) 59 65 66 60
#!pragma POLYGON(1,0,0,0.25) 28 29
#!pragma POLYGON(1,0,0,0.25) 77 89 90 78
#!pragma POLYGON(1,0,0,0.25) 90 101 102 91
#!pragma POLYGON(1,0,0,0.25) 75 87 88 76
#!pragma POLYGON(1,0,0,0.25) 88 99 100 89
#!pragma POLYGON(1,0,0,0.25) 78 79
#!pragma POLYGON(1,0,0,0.25) 60 54
#!pragma POLYGON(1,0,0,0.25) 48 42
#!pragma POLYGON(1,0,0,0.25) 26 15
#!pragma POLYGON(1,0,0,0.25) 34 26
#!pragma POLYGON(1,0,0,0.25) 26 27
#!pragma POLYGON(1,0,0,0.25) 27 16
#!pragma POLYGON(1,0,0,0.25) 35 27
#!pragma POLYGON(1,0,0,0.25) 35 41 42 36
#!pragma POLYGON(1,0,0,0.25) 17 22 18
#!pragma POLYGON(1,0,0,0.25) 32 22
#!pragma POLYGON(1,0,0,0.25) 32 28
#!pragma POLYGON(1,0,0,0.25) 36 32
#!pragma POLYGON(1,0,0,0.25) 68 64
#!pragma POLYGON(1,0,0,0.25) 74 68
#!pragma POLYGON(1,0,0,0.25) 68 69
#!pragma POLYGON(1,0,0,0.25) 69 65
#!pragma POLYGON(1,0,0,0.25) 75 69
#!pragma POLYGON(1,0,0,0.25) 70 66
#!pragma POLYGON(1,0,0,0.25) 76 70
#!pragma POLYGON(1,0,0,0.25) 70 71
#!pragma POLYGON(1,0,0,0.25) 77 71
#!pragma POLYGON(1,0,0,0.25) 7 8
#!pragma POLYGON(1,0,0,0.25) 5 6
#!pragma POLYGON(1,0,0,0.25) 3 4
#!pragma POLYGON(1,0,0,0.25) 100 101
#!pragma POLYGON(1,0,0,0.25) 98 99
#!pragma POLYGON(1,0,0,0.25) 15 3
#!pragma POLYGON(1,0,0,0.25) 40 34
#!pragma POLYGON(1,0,0,0.25) 52 46
#!pragma POLYGON(1,0,0,0.25) 64 58
#!pragma POLYGON(1,0,0,0.25) 86 74
#!pragma POLYGON(1,0,0,0.25) 86 98 87
TICK
R 3 4 5 15 16 17 34 35 36 40 41 42 46 47 48 52 53 54 58 59 60 64 65 66 74 75 76 86 87 88 98 99
TICK
R 0 1 2 9 11 13 22 24 33 73 80 82 84 92 94 96 103 104 10 12 14 21 23 25 81 83 85 93 95 97 43 49 51 45 55 57 61 63 44 50 62 56 67 72 37 39 38 31 32 26 27 68 69 70 71
TICK
H 0 1 2 9 11 13 22 24 33 73 80 82 84 92 94 96 103 104 10 12 14 21 23 25 81 83 85 93 95 97 43 49 51 45 55 57 61 63 44 50 62 56 67 72 37 39 38 26 68 69 70 71
TICK
CX 0 3 1 5 2 7 11 16 13 18 24 29 73 78 82 87 84 89 94 99 96 101 43 40 51 47 45 42 55 52 57 54 63 59 39 35 21 31 22 32 26 27 68 64 70 66
CZ 10 15 12 17 14 19 23 28 25 30 81 86 83 88 85 90 93 98 95 100 97 102 44 41 50 46 62 58 56 53 67 65 72 75 38 34
TICK
CX 68 74 70 76
TICK
CX 0 4 1 6 2 8 9 15 11 17 13 19 24 30 73 79 80 86 82 88 84 90 92 98 94 100 96 102 43 46 51 53 45 48 55 58 57 60 63 65 39 41 32 36 26 34 69 75 71 77
CZ 10 3 12 5 14 7 21 16 23 18 25 20 81 74 83 76 85 78 93 87 95 89 97 91 44 42 50 47 62 59 56 54 67 66 38 35
TICK
CX 11 4 13 6 22 17 24 19 33 28 82 75 84 77 92 86 94 88 96 90 103 98 104 100 43 41 49 46 51 48 55 53 61 58 63 60 37 34 39 36 26 15 69 65
CZ 10 16 12 18 14 20 23 29 81 87 83 89 85 91 93 99 95 101 44 47 50 52 62 64 56 59 72 76 38 40 31 35
TICK
CX 9 3 11 5 13 7 22 18 24 20 33 29 80 74 82 76 84 78 92 87 94 89 96 91 103 99 104 101 43 47 49 52 51 54 55 59 61 64 63 66 67 72 37 40 39 42 32 28 27 16 68 69 70 71
CZ 10 4 12 6 14 8 21 17 23 19 81 75 83 77 85 79 93 88 95 90 44 48 50 53 62 65 56 60 38 41 31 36
TICK
CX 27 35
TICK
H 0 1 2 9 11 13 22 24 33 73 80 82 84 92 94 96 103 104 10 12 14 21 23 25 81 83 85 93 95 97 43 49 51 45 55 57 61 63 44 50 62 56 67 37 39 38 32 31 27 26 68 70
TICK
M 0 1 2 9 11 13 22 24 33 73 80 82 84 92 94 96 103 104 10 12 14 21 23 25 81 83 85 93 95 97 43 49 51 45 55 57 61 63 44 50 62 56 67 72 37 39 38 32 31 27 26 68 70 69 71
TICK
R 0 1 2 9 11 13 22 24 33 73 80 82 84 92 94 96 103 104 10 12 14 21 23 25 81 83 85 93 95 97 43 49 51 45 55 57 61 63 44 50 62 56 72 67 37 39 38 32 31 27 26 68 69 70 71
TICK
H 0 1 2 9 11 13 22 24 33 73 80 82 84 92 94 96 103 104 10 12 14 21 23 25 81 83 85 93 95 97 43 49 51 45 55 57 61 63 44 50 62 56 72 67 37 39 38 26 68 69 70 71
TICK
CX 0 4 1 6 2 8 9 15 11 17 13 19 24 30 73 79 80 86 82 88 84 90 92 98 94 100 96 102 43 41 49 46 51 48 55 53 61 58 63 60 37 34 39 36 26 27 21 31 22 32 69 65
CZ 10 16 12 18 14 20 23 29 81 87 83 89 85 91 93 99 95 101 44 42 50 47 62 59 56 54 67 66 72 76 38 35
TICK
CX 69 75 71 77
TICK
CX 0 3 1 5 2 7 11 16 13 18 24 29 73 78 82 87 84 89 94 99 96 101 43 47 49 52 51 54 55 59 61 64 63 66 37 40 39 42 32 28 27 35 68 74 70 76
CZ 10 4 12 6 14 8 21 17 23 19 81 75 83 77 85 79 93 88 95 90 44 41 50 46 62 58 56 53 67 65 38 34
TICK
CX 9 3 11 5 13 7 22 18 24 20 33 29 80 74 82 76 84 78 92 87 94 89 96 91 103 99 104 101 43 40 51 47 45 42 55 52 57 54 63 59 39 35 27 16 68 64 70 66
CZ 10 15 12 17 14 19 23 28 25 30 81 86 83 88 85 90 93 98 95 100 97 102 44 48 50 53 62 65 56 60 72 75 38 41 31 36
TICK
CX 11 4 13 6 22 17 24 19 33 28 82 75 84 77 92 86 94 88 96 90 103 98 104 100 43 46 51 53 45 48 55 58 57 60 63 65 67 72 39 41 32 36 26 15 68 69 70 71
CZ 10 3 12 5 14 7 21 16 23 18 25 20 81 74 83 76 85 78 93 87 95 89 97 91 44 47 50 52 62 64 56 59 38 40 31 35
TICK
CX 26 34
TICK
H 0 1 2 9 11 13 22 24 33 73 80 82 84 92 94 96 103 104 10 12 14 21 23 25 81 83 85 93 95 97 43 49 51 45 55 57 61 63 44 50 62 56 67 37 39 38 26 27 31 32 68 70
TICK
M 0 1 2 9 11 13 22 24 33 73 80 82 84 92 94 96 103 104 10 12 14 21 23 25 81 83 85 93 95 97 43 49 51 45 55 57 61 63 44 50 62 56 67 72 37 39 38 26 27 31 32 68 69 70 71
TICK
R 0 1 2 9 11 13 22 24 33 73 80 82 84 92 94 96 103 104 10 12 14 21 23 25 81 83 85 93 95 97 43 49 51 45 55 57 61 63 44 50 62 56 67 72 37 39 38 31 32 26 27 68 69 70 71
TICK
H 0 1 2 9 11 13 22 24 33 73 80 82 84 92 94 96 103 104 10 12 14 21 23 25 81 83 85 93 95 97 43 49 51 45 55 57 61 63 44 50 62 56 67 72 37 39 38 26 68 69 70 71
TICK
CX 0 3 1 5 2 7 11 16 13 18 24 29 73 78 82 87 84 89 94 99 96 101 43 40 51 47 45 42 55 52 57 54 63 59 39 35 21 31 22 32 26 27 68 64 70 66
CZ 10 15 12 17 14 19 23 28 25 30 81 86 83 88 85 90 93 98 95 100 97 102 44 41 50 46 62 58 56 53 67 65 72 75 38 34
TICK
CX 68 74 70 76
TICK
CX 0 4 1 6 2 8 9 15 11 17 13 19 24 30 73 79 80 86 82 88 84 90 92 98 94 100 96 102 43 46 51 53 45 48 55 58 57 60 63 65 39 41 32 36 26 34 69 75 71 77
CZ 10 3 12 5 14 7 21 16 23 18 25 20 81 74 83 76 85 78 93 87 95 89 97 91 44 42 50 47 62 59 56 54 67 66 38 35
TICK
CX 11 4 13 6 22 17 24 19 33 28 82 75 84 77 92 86 94 88 96 90 103 98 104 100 43 41 49 46 51 48 55 53 61 58 63 60 37 34 39 36 26 15 69 65
CZ 10 16 12 18 14 20 23 29 81 87 83 89 85 91 93 99 95 101 44 47 50 52 62 64 56 59 72 76 38 40 31 35
TICK
CX 9 3 11 5 13 7 22 18 24 20 33 29 80 74 82 76 84 78 92 87 94 89 96 91 103 99 104 101 43 47 49 52 51 54 55 59 61 64 63 66 67 72 37 40 39 42 32 28 27 16 68 69 70 71
CZ 10 4 12 6 14 8 21 17 23 19 81 75 83 77 85 79 93 88 95 90 44 48 50 53 62 65 56 60 38 41 31 36
TICK
CX 27 35
TICK
H 0 1 2 9 11 13 22 24 33 73 80 82 84 92 94 96 103 104 10 12 14 21 23 25 81 83 85 93 95 97 43 49 51 45 55 57 61 63 44 50 62 56 67 37 39 38 32 31 27 26 68 70
TICK
M 0 1 2 9 11 13 22 24 33 73 80 82 84 92 94 96 103 104 10 12 14 21 23 25 81 83 85 93 95 97 43 49 51 45 55 57 61 63 44 50 62 56 67 72 37 39 38 32 31 27 26 68 70 69 71
TICK
#!pragma POLYGON(0,0,1,0.25) 18 28 29 19
#!pragma POLYGON(0,0,1,0.25) 7 19 20 8
#!pragma POLYGON(0,0,1,0.25) 89 100 101 90
#!pragma POLYGON(0,0,1,0.25) 78 90 91 79
#!pragma POLYGON(0,0,1,0.25) 18 6
#!pragma POLYGON(0,0,1,0.25) 89 77
#!pragma POLYGON(0,0,1,0.25) 30 20
#!pragma POLYGON(0,0,1,0.25) 102 91
#!pragma POLYGON(1,0,0,0.25) 6 18 19 7
#!pragma POLYGON(1,0,0,0.25) 19 29 30 20
#!pragma POLYGON(1,0,0,0.25) 28 29
#!pragma POLYGON(1,0,0,0.25) 77 89 90 78
#!pragma POLYGON(1,0,0,0.25) 90 101 102 91
#!pragma POLYGON(1,0,0,0.25) 78 79
#!pragma POLYGON(1,0,0,0.25) 7 8
#!pragma POLYGON(1,0,0,0.25) 100 101
TICK
R 2 13 24 33 73 84 96 104 12 14 23 25 83 85 95 97
TICK
H 2 13 24 33 73 84 96 104 12 14 23 25 83 85 95 97
TICK
CX 2 8 13 19 24 30 73 79 84 90 96 102
CZ 12 18 14 20 23 29 83 89 85 91 95 101
TICK
CX 71 77
TICK
CX 2 7 13 18 24 29 73 78 84 89 96 101
CZ 12 6 14 8 23 19 83 77 85 79 95 90
TICK
CX 13 7 24 20 33 29 84 78 96 91 104 101
CZ 14 19 23 28 25 30 85 90 95 100 97 102
TICK
CX 13 6 24 19 33 28 84 77 96 90 104 100
CZ 14 7 23 18 25 20 85 78 95 89 97 91
TICK
TICK
H 2 13 24 33 73 84 96 104 12 14 23 25 83 85 95 97
TICK
M 2 13 24 33 73 84 96 104 12 14 23 25 83 85 95 97 71
TICK
R 2 13 24 33 73 84 96 104 12 14 23 25 83 85 95 97 71
TICK
H 2 13 24 33 73 84 96 104 12 14 23 25 83 85 95 97 71
TICK
CX 2 7 13 18 24 29 73 78 84 89 96 101
CZ 14 19 23 28 25 30 85 90 95 100 97 102
TICK
TICK
CX 2 8 13 19 24 30 73 79 84 90 96 102 71 77
CZ 14 7 23 18 25 20 85 78 95 89 97 91
TICK
CX 13 6 24 19 33 28 84 77 96 90 104 100
CZ 12 18 14 20 23 29 83 89 85 91 95 101
TICK
CX 13 7 24 20 33 29 84 78 96 91 104 101
CZ 12 6 14 8 23 19 83 77 85 79 95 90
TICK
TICK
H 2 13 24 33 73 84 96 104 12 14 23 25 83 85 95 97
TICK
M 2 13 24 33 73 84 96 104 12 14 23 25 83 85 95 97 71
TICK
R 2 13 24 33 73 84 96 104 12 14 23 25 83 85 95 97 71
TICK
H 2 13 24 33 73 84 96 104 12 14 23 25 83 85 95 97 71
TICK
CX 2 8 13 19 24 30 73 79 84 90 96 102
CZ 12 18 14 20 23 29 83 89 85 91 95 101
TICK
CX 71 77
TICK
CX 2 7 13 18 24 29 73 78 84 89 96 101
CZ 12 6 14 8 23 19 83 77 85 79 95 90
TICK
CX 13 7 24 20 33 29 84 78 96 91 104 101
CZ 14 19 23 28 25 30 85 90 95 100 97 102
TICK
CX 13 6 24 19 33 28 84 77 96 90 104 100
CZ 14 7 23 18 25 20 85 78 95 89 97 91
TICK
TICK
H 2 13 24 33 73 84 96 104 12 14 23 25 83 85 95 97
TICK
M 2 13 24 33 73 84 96 104 12 14 23 25 83 85 95 97 71
