QUBIT_COORDS(0.5, 8.5) 0
QUBIT_COORDS(0.5, 10.5) 1
QUBIT_COORDS(1, 7) 2
QUBIT_COORDS(1, 8) 3
QUBIT_COORDS(1, 9) 4
QUBIT_COORDS(1, 10) 5
QUBIT_COORDS(1, 11) 6
QUBIT_COORDS(1.5, 6.5) 7
QUBIT_COORDS(1.5, 7.5) 8
QUBIT_COORDS(1.5, 8.5) 9
QUBIT_COORDS(1.5, 9.5) 10
QUBIT_COORDS(1.5, 10.5) 11
QUBIT_COORDS(2, 7) 12
QUBIT_COORDS(2, 8) 13
QUBIT_COORDS(2, 9) 14
QUBIT_COORDS(2, 10) 15
QUBIT_COORDS(2, 11) 16
QUBIT_COORDS(2.5, 7.5) 17
QUBIT_COORDS(2.5, 8.5) 18
QUBIT_COORDS(2.5, 9.5) 19
QUBIT_COORDS(2.5, 10.5) 20
QUBIT_COORDS(2.5, 11.5) 21
QUBIT_COORDS(3, 7) 22
QUBIT_COORDS(3, 8) 23
QUBIT_COORDS(3, 9) 24
QUBIT_COORDS(3, 10) 25
QUBIT_COORDS(3, 11) 26
QUBIT_COORDS(3.5, 6.5) 27
QUBIT_COORDS(3.5, 7.5) 28
QUBIT_COORDS(3.5, 8.5) 29
QUBIT_COORDS(3.5, 9.5) 30
QUBIT_COORDS(3.5, 10.5) 31
QUBIT_COORDS(4, 7) 32
QUBIT_COORDS(4, 8) 33
QUBIT_COORDS(4, 9) 34
QUBIT_COORDS(4, 10) 35
QUBIT_COORDS(4, 11) 36
QUBIT_COORDS(4.5, 7.5) 37
QUBIT_COORDS(4.5, 8.5) 38
QUBIT_COORDS(4.5, 9.5) 39
QUBIT_COORDS(4.5, 10.5) 40
QUBIT_COORDS(4.5, 11.5) 41
QUBIT_COORDS(5, 7) 42
QUBIT_COORDS(5, 8) 43
QUBIT_COORDS(5, 9) 44
QUBIT_COORDS(5, 10) 45
QUBIT_COORDS(5, 11) 46
QUBIT_COORDS(5.5, 6.5) 47
QUBIT_COORDS(5.5, 7.5) 48
QUBIT_COORDS(5.5, 8.5) 49
QUBIT_COORDS(5.5, 9.5) 50
QUBIT_COORDS(5.5, 10.5) 51
QUBIT_COORDS(6, 7) 52
QUBIT_COORDS(6, 8) 53
QUBIT_COORDS(6, 9) 54
QUBIT_COORDS(6, 10) 55
QUBIT_COORDS(6, 11) 56
QUBIT_COORDS(6.5, 8.5) 57
QUBIT_COORDS(6.5, 10.5) 58
QUBIT_COORDS(7, 7) 59
QUBIT_COORDS(7, 8) 60
QUBIT_COORDS(7, 9) 61
QUBIT_COORDS(7, 10) 62
QUBIT_COORDS(7, 11) 63
QUBIT_COORDS(7, 12) 64
QUBIT_COORDS(7.5, 1.5) 65
QUBIT_COORDS(7.5, 3.5) 66
QUBIT_COORDS(7.5, 5.5) 67
QUBIT_COORDS(7.5, 8.5) 68
QUBIT_COORDS(7.5, 10.5) 69
QUBIT_COORDS(7.5, 13.5) 70
QUBIT_COORDS(7.5, 15.5) 71
QUBIT_COORDS(8, 1) 72
QUBIT_COORDS(8, 2) 73
QUBIT_COORDS(8, 3) 74
QUBIT_COORDS(8, 4) 75
QUBIT_COORDS(8, 5) 76
QUBIT_COORDS(8, 6) 77
QUBIT_COORDS(8, 7) 78
QUBIT_COORDS(8, 8) 79
QUBIT_COORDS(8, 9) 80
QUBIT_COORDS(8, 10) 81
QUBIT_COORDS(8, 11) 82
QUBIT_COORDS(8, 12) 83
QUBIT_COORDS(8, 13) 84
QUBIT_COORDS(8, 14) 85
QUBIT_COORDS(8, 15) 86
QUBIT_COORDS(8, 16) 87
QUBIT_COORDS(8, 17) 88
QUBIT_COORDS(8.5, 1.5) 89
QUBIT_COORDS(8.5, 2.5) 90
QUBIT_COORDS(8.5, 3.5) 91
QUBIT_COORDS(8.5, 4.5) 92
QUBIT_COORDS(8.5, 5.5) 93
QUBIT_COORDS(8.5, 6.5) 94
QUBIT_COORDS(8.5, 7.5) 95
QUBIT_COORDS(8.5, 8.5) 96
QUBIT_COORDS(8.5, 9.5) 97
QUBIT_COORDS(8.5, 10.5) 98
QUBIT_COORDS(8.5, 11.5) 99
QUBIT_COORDS(8.5, 12.5) 100
QUBIT_COORDS(8.5, 13.5) 101
QUBIT_COORDS(8.5, 14.5) 102
QUBIT_COORDS(8.5, 15.5) 103
QUBIT_COORDS(8.5, 16.5) 104
QUBIT_COORDS(8.5, 17.5) 105
QUBIT_COORDS(9, 1) 106
QUBIT_COORDS(9, 2) 107
QUBIT_COORDS(9, 3) 108
QUBIT_COORDS(9, 4) 109
QUBIT_COORDS(9, 5) 110
QUBIT_COORDS(9, 6) 111
QUBIT_COORDS(9, 7) 112
QUBIT_COORDS(9, 8) 113
QUBIT_COORDS(9, 9) 114
QUBIT_COORDS(9, 10) 115
QUBIT_COORDS(9, 11) 116
QUBIT_COORDS(9, 12) 117
QUBIT_COORDS(9, 13) 118
QUBIT_COORDS(9, 14) 119
QUBIT_COORDS(9, 15) 120
QUBIT_COORDS(9, 16) 121
QUBIT_COORDS(9, 17) 122
QUBIT_COORDS(9.5, 0.5) 123
QUBIT_COORDS(9.5, 1.5) 124
QUBIT_COORDS(9.5, 2.5) 125
QUBIT_COORDS(9.5, 3.5) 126
QUBIT_COORDS(9.5, 4.5) 127
QUBIT_COORDS(9.5, 5.5) 128
QUBIT_COORDS(9.5, 6.5) 129
QUBIT_COORDS(9.5, 7.5) 130
QUBIT_COORDS(9.5, 8.5) 131
QUBIT_COORDS(9.5, 9.5) 132
QUBIT_COORDS(9.5, 10.5) 133
QUBIT_COORDS(9.5, 11.5) 134
QUBIT_COORDS(9.5, 12.5) 135
QUBIT_COORDS(9.5, 13.5) 136
QUBIT_COORDS(9.5, 14.5) 137
QUBIT_COORDS(9.5, 15.5) 138
QUBIT_COORDS(9.5, 16.5) 139
QUBIT_COORDS(10, 1) 140
QUBIT_COORDS(10, 2) 141
QUBIT_COORDS(10, 3) 142
QUBIT_COORDS(10, 4) 143
QUBIT_COORDS(10, 5) 144
QUBIT_COORDS(10, 6) 145
QUBIT_COORDS(10, 7) 146
QUBIT_COORDS(10, 8) 147
QUBIT_COORDS(10, 9) 148
QUBIT_COORDS(10, 10) 149
QUBIT_COORDS(10, 11) 150
QUBIT_COORDS(10, 12) 151
QUBIT_COORDS(10, 13) 152
QUBIT_COORDS(10, 14) 153
QUBIT_COORDS(10, 15) 154
QUBIT_COORDS(10, 16) 155
QUBIT_COORDS(10, 17) 156
QUBIT_COORDS(10.5, 1.5) 157
QUBIT_COORDS(10.5, 2.5) 158
QUBIT_COORDS(10.5, 3.5) 159
QUBIT_COORDS(10.5, 4.5) 160
QUBIT_COORDS(10.5, 5.5) 161
QUBIT_COORDS(10.5, 6.5) 162
QUBIT_COORDS(10.5, 7.5) 163
QUBIT_COORDS(10.5, 8.5) 164
QUBIT_COORDS(10.5, 9.5) 165
QUBIT_COORDS(10.5, 10.5) 166
QUBIT_COORDS(10.5, 11.5) 167
QUBIT_COORDS(10.5, 12.5) 168
QUBIT_COORDS(10.5, 13.5) 169
QUBIT_COORDS(10.5, 14.5) 170
QUBIT_COORDS(10.5, 15.5) 171
QUBIT_COORDS(10.5, 16.5) 172
QUBIT_COORDS(10.5, 17.5) 173
QUBIT_COORDS(11, 1) 174
QUBIT_COORDS(11, 2) 175
QUBIT_COORDS(11, 3) 176
QUBIT_COORDS(11, 4) 177
QUBIT_COORDS(11, 5) 178
QUBIT_COORDS(11, 6) 179
QUBIT_COORDS(11, 7) 180
QUBIT_COORDS(11, 8) 181
QUBIT_COORDS(11, 9) 182
QUBIT_COORDS(11, 10) 183
QUBIT_COORDS(11, 11) 184
QUBIT_COORDS(11, 12) 185
QUBIT_COORDS(11, 13) 186
QUBIT_COORDS(11, 14) 187
QUBIT_COORDS(11, 15) 188
QUBIT_COORDS(11, 16) 189
QUBIT_COORDS(11, 17) 190
QUBIT_COORDS(11.5, 0.5) 191
QUBIT_COORDS(11.5, 1.5) 192
QUBIT_COORDS(11.5, 2.5) 193
QUBIT_COORDS(11.5, 3.5) 194
QUBIT_COORDS(11.5, 4.5) 195
QUBIT_COORDS(11.5, 5.5) 196
QUBIT_COORDS(11.5, 6.5) 197
QUBIT_COORDS(11.5, 7.5) 198
QUBIT_COORDS(11.5, 8.5) 199
QUBIT_COORDS(11.5, 9.5) 200
QUBIT_COORDS(11.5, 10.5) 201
QUBIT_COORDS(11.5, 11.5) 202
QUBIT_COORDS(11.5, 12.5) 203
QUBIT_COORDS(11.5, 13.5) 204
QUBIT_COORDS(11.5, 14.5) 205
QUBIT_COORDS(11.5, 15.5) 206
QUBIT_COORDS(11.5, 16.5) 207
QUBIT_COORDS(12, 1) 208
QUBIT_COORDS(12, 2) 209
QUBIT_COORDS(12, 3) 210
QUBIT_COORDS(12, 4) 211
QUBIT_COORDS(12, 5) 212
QUBIT_COORDS(12, 6) 213
QUBIT_COORDS(12, 7) 214
QUBIT_COORDS(12, 8) 215
QUBIT_COORDS(12, 9) 216
QUBIT_COORDS(12, 10) 217
QUBIT_COORDS(12, 11) 218
QUBIT_COORDS(12, 12) 219
QUBIT_COORDS(12, 13) 220
QUBIT_COORDS(12, 14) 221
QUBIT_COORDS(12, 15) 222
QUBIT_COORDS(12, 16) 223
QUBIT_COORDS(12, 17) 224
QUBIT_COORDS(12.5, 2.5) 225
QUBIT_COORDS(12.5, 4.5) 226
QUBIT_COORDS(12.5, 7.5) 227
QUBIT_COORDS(12.5, 9.5) 228
QUBIT_COORDS(12.5, 12.5) 229
QUBIT_COORDS(12.5, 14.5) 230
QUBIT_COORDS(12.5, 16.5) 231
QUBIT_COORDS(13, 6) 232
QUBIT_COORDS(13, 7) 233
QUBIT_COORDS(13, 8) 234
QUBIT_COORDS(13, 9) 235
QUBIT_COORDS(13, 10) 236
QUBIT_COORDS(13, 11) 237
QUBIT_COORDS(13.5, 7.5) 238
QUBIT_COORDS(13.5, 9.5) 239
QUBIT_COORDS(14, 7) 240
QUBIT_COORDS(14, 8) 241
QUBIT_COORDS(14, 9) 242
QUBIT_COORDS(14, 10) 243
QUBIT_COORDS(14, 11) 244
QUBIT_COORDS(14.5, 7.5) 245
QUBIT_COORDS(14.5, 8.5) 246
QUBIT_COORDS(14.5, 9.5) 247
QUBIT_COORDS(14.5, 10.5) 248
QUBIT_COORDS(14.5, 11.5) 249
QUBIT_COORDS(15, 7) 250
QUBIT_COORDS(15, 8) 251
QUBIT_COORDS(15, 9) 252
QUBIT_COORDS(15, 10) 253
QUBIT_COORDS(15, 11) 254
QUBIT_COORDS(15.5, 6.5) 255
QUBIT_COORDS(15.5, 7.5) 256
QUBIT_COORDS(15.5, 8.5) 257
QUBIT_COORDS(15.5, 9.5) 258
QUBIT_COORDS(15.5, 10.5) 259
QUBIT_COORDS(16, 7) 260
QUBIT_COORDS(16, 8) 261
QUBIT_COORDS(16, 9) 262
QUBIT_COORDS(16, 10) 263
QUBIT_COORDS(16, 11) 264
QUBIT_COORDS(16.5, 7.5) 265
QUBIT_COORDS(16.5, 8.5) 266
QUBIT_COORDS(16.5, 9.5) 267
QUBIT_COORDS(16.5, 10.5) 268
QUBIT_COORDS(16.5, 11.5) 269
QUBIT_COORDS(17, 7) 270
QUBIT_COORDS(17, 8) 271
QUBIT_COORDS(17, 9) 272
QUBIT_COORDS(17, 10) 273
QUBIT_COORDS(17, 11) 274
QUBIT_COORDS(17.5, 6.5) 275
QUBIT_COORDS(17.5, 7.5) 276
QUBIT_COORDS(17.5, 8.5) 277
QUBIT_COORDS(17.5, 9.5) 278
QUBIT_COORDS(17.5, 10.5) 279
QUBIT_COORDS(18, 7) 280
QUBIT_COORDS(18, 8) 281
QUBIT_COORDS(18, 9) 282
QUBIT_COORDS(18, 10) 283
QUBIT_COORDS(18, 11) 284
QUBIT_COORDS(18.5, 7.5) 285
QUBIT_COORDS(18.5, 8.5) 286
QUBIT_COORDS(18.5, 9.5) 287
QUBIT_COORDS(18.5, 10.5) 288
QUBIT_COORDS(18.5, 11.5) 289
QUBIT_COORDS(19, 7) 290
QUBIT_COORDS(19, 8) 291
QUBIT_COORDS(19, 9) 292
QUBIT_COORDS(19, 10) 293
QUBIT_COORDS(19, 11) 294
QUBIT_COORDS(19.5, 7.5) 295
QUBIT_COORDS(19.5, 9.5) 296
#!pragma POLYGON(0,0,1,0.25) 78 112 113 79
#!pragma POLYGON(0,0,1,0.25) 113 147 148 114
#!pragma POLYGON(0,0,1,0.25) 146 180 181 147
#!pragma POLYGON(0,0,1,0.25) 181 215 216 182
#!pragma POLYGON(0,0,1,0.25) 148 182 183 149
#!pragma POLYGON(0,0,1,0.25) 183 217 218 184
#!pragma POLYGON(0,0,1,0.25) 80 114 115 81
#!pragma POLYGON(0,0,1,0.25) 115 149 150 116
#!pragma POLYGON(0,0,1,0.25) 76 110 111 77
#!pragma POLYGON(0,0,1,0.25) 111 145 146 112
#!pragma POLYGON(0,0,1,0.25) 74 108 109 75
#!pragma POLYGON(0,0,1,0.25) 109 143 144 110
#!pragma POLYGON(0,0,1,0.25) 144 178 179 145
#!pragma POLYGON(0,0,1,0.25) 179 213 214 180
#!pragma POLYGON(0,0,1,0.25) 142 176 177 143
#!pragma POLYGON(0,0,1,0.25) 177 211 212 178
#!pragma POLYGON(0,0,1,0.25) 72 106 107 73
#!pragma POLYGON(0,0,1,0.25) 107 141 142 108
#!pragma POLYGON(0,0,1,0.25) 140 174 175 141
#!pragma POLYGON(0,0,1,0.25) 175 209 210 176
#!pragma POLYGON(0,0,1,0.25) 86 120 121 87
#!pragma POLYGON(0,0,1,0.25) 121 155 156 122
#!pragma POLYGON(0,0,1,0.25) 84 118 119 85
#!pragma POLYGON(0,0,1,0.25) 119 153 154 120
#!pragma POLYGON(0,0,1,0.25) 154 188 189 155
#!pragma POLYGON(0,0,1,0.25) 189 223 224 190
#!pragma POLYGON(0,0,1,0.25) 152 186 187 153
#!pragma POLYGON(0,0,1,0.25) 187 221 222 188
#!pragma POLYGON(0,0,1,0.25) 82 116 117 83
#!pragma POLYGON(0,0,1,0.25) 117 151 152 118
#!pragma POLYGON(0,0,1,0.25) 150 184 185 151
#!pragma POLYGON(0,0,1,0.25) 185 219 220 186
#!pragma POLYGON(0,0,1,0.25) 214 227 215
#!pragma POLYGON(0,0,1,0.25) 238 227
#!pragma POLYGON(0,0,1,0.25) 240 241 238
#!pragma POLYGON(0,0,1,0.25) 216 228 217
#!pragma POLYGON(0,0,1,0.25) 239 228
#!pragma POLYGON(0,0,1,0.25) 242 243 239
#!pragma POLYGON(0,0,1,0.25) 241 251 252 242
#!pragma POLYGON(0,0,1,0.25) 243 253 254 244
#!pragma POLYGON(0,0,1,0.25) 252 262 263 253
#!pragma POLYGON(0,0,1,0.25) 263 273 274 264
#!pragma POLYGON(0,0,1,0.25) 272 282 283 273
#!pragma POLYGON(0,0,1,0.25) 283 293 294 284
#!pragma POLYGON(0,0,1,0.25) 250 260 261 251
#!pragma POLYGON(0,0,1,0.25) 261 271 272 262
#!pragma POLYGON(0,0,1,0.25) 270 280 281 271
#!pragma POLYGON(0,0,1,0.25) 281 291 292 282
#!pragma POLYGON(0,0,1,0.25) 79 80 68
#!pragma POLYGON(0,0,1,0.25) 68 57
#!pragma POLYGON(0,0,1,0.25) 53 57 54
#!pragma POLYGON(0,0,1,0.25) 81 82 69
#!pragma POLYGON(0,0,1,0.25) 69 58
#!pragma POLYGON(0,0,1,0.25) 55 58 56
#!pragma POLYGON(0,0,1,0.25) 42 52 53 43
#!pragma POLYGON(0,0,1,0.25) 44 54 55 45
#!pragma POLYGON(0,0,1,0.25) 4 14 15 5
#!pragma POLYGON(0,0,1,0.25) 15 25 26 16
#!pragma POLYGON(0,0,1,0.25) 24 34 35 25
#!pragma POLYGON(0,0,1,0.25) 35 45 46 36
#!pragma POLYGON(0,0,1,0.25) 2 12 13 3
#!pragma POLYGON(0,0,1,0.25) 13 23 24 14
#!pragma POLYGON(0,0,1,0.25) 22 32 33 23
#!pragma POLYGON(0,0,1,0.25) 33 43 44 34
#!pragma POLYGON(0,0,1,0.25) 140 106
#!pragma POLYGON(0,0,1,0.25) 208 174
#!pragma POLYGON(0,0,1,0.25) 290 291
#!pragma POLYGON(0,0,1,0.25) 292 293
#!pragma POLYGON(0,0,1,0.25) 190 156
#!pragma POLYGON(0,0,1,0.25) 122 88
#!pragma POLYGON(0,0,1,0.25) 5 6
#!pragma POLYGON(0,0,1,0.25) 3 4
#!pragma POLYGON(1,0,0,0.25) 79 113 114 80
#!pragma POLYGON(1,0,0,0.25) 112 146 147 113
#!pragma POLYGON(1,0,0,0.25) 147 181 182 148
#!pragma POLYGON(1,0,0,0.25) 180 214 215 181
#!pragma POLYGON(1,0,0,0.25) 149 183 184 150
#!pragma POLYGON(1,0,0,0.25) 182 216 217 183
#!pragma POLYGON(1,0,0,0.25) 81 115 116 82
#!pragma POLYGON(1,0,0,0.25) 114 148 149 115
#!pragma POLYGON(1,0,0,0.25) 77 111 112 78
#!pragma POLYGON(1,0,0,0.25) 110 144 145 111
#!pragma POLYGON(1,0,0,0.25) 75 109 110 76
#!pragma POLYGON(1,0,0,0.25) 108 142 143 109
#!pragma POLYGON(1,0,0,0.25) 145 179 180 146
#!pragma POLYGON(1,0,0,0.25) 178 212 213 179
#!pragma POLYGON(1,0,0,0.25) 143 177 178 144
#!pragma POLYGON(1,0,0,0.25) 176 210 211 177
#!pragma POLYGON(1,0,0,0.25) 73 107 108 74
#!pragma POLYGON(1,0,0,0.25) 106 140 141 107
#!pragma POLYGON(1,0,0,0.25) 141 175 176 142
#!pragma POLYGON(1,0,0,0.25) 174 208 209 175
#!pragma POLYGON(1,0,0,0.25) 87 121 122 88
#!pragma POLYGON(1,0,0,0.25) 120 154 155 121
#!pragma POLYGON(1,0,0,0.25) 85 119 120 86
#!pragma POLYGON(1,0,0,0.25) 118 152 153 119
#!pragma POLYGON(1,0,0,0.25) 155 189 190 156
#!pragma POLYGON(1,0,0,0.25) 188 222 223 189
#!pragma POLYGON(1,0,0,0.25) 153 187 188 154
#!pragma POLYGON(1,0,0,0.25) 186 220 221 187
#!pragma POLYGON(1,0,0,0.25) 83 117 118 84
#!pragma POLYGON(1,0,0,0.25) 116 150 151 117
#!pragma POLYGON(1,0,0,0.25) 151 185 186 152
#!pragma POLYGON(1,0,0,0.25) 184 218 219 185
#!pragma POLYGON(1,0,0,0.25) 234 215
#!pragma POLYGON(1,0,0,0.25) 241 234
#!pragma POLYGON(1,0,0,0.25) 234 235
#!pragma POLYGON(1,0,0,0.25) 235 216
#!pragma POLYGON(1,0,0,0.25) 242 235
#!pragma POLYGON(1,0,0,0.25) 236 217
#!pragma POLYGON(1,0,0,0.25) 243 236
#!pragma POLYGON(1,0,0,0.25) 236 237
#!pragma POLYGON(1,0,0,0.25) 237 218
#!pragma POLYGON(1,0,0,0.25) 244 237
#!pragma POLYGON(1,0,0,0.25) 232 213
#!pragma POLYGON(1,0,0,0.25) 232 233
#!pragma POLYGON(1,0,0,0.25) 233 214
#!pragma POLYGON(1,0,0,0.25) 240 233
#!pragma POLYGON(1,0,0,0.25) 240 250 251 241
#!pragma POLYGON(1,0,0,0.25) 242 252 253 243
#!pragma POLYGON(1,0,0,0.25) 253 263 264 254
#!pragma POLYGON(1,0,0,0.25) 262 272 273 263
#!pragma POLYGON(1,0,0,0.25) 273 283 284 274
#!pragma POLYGON(1,0,0,0.25) 282 292 293 283
#!pragma POLYGON(1,0,0,0.25) 251 261 262 252
#!pragma POLYGON(1,0,0,0.25) 260 270 271 261
#!pragma POLYGON(1,0,0,0.25) 271 281 282 272
#!pragma POLYGON(1,0,0,0.25) 280 290 291 281
#!pragma POLYGON(1,0,0,0.25) 78 59
#!pragma POLYGON(1,0,0,0.25) 59 52
#!pragma POLYGON(1,0,0,0.25) 59 60
#!pragma POLYGON(1,0,0,0.25) 79 60
#!pragma POLYGON(1,0,0,0.25) 60 53
#!pragma POLYGON(1,0,0,0.25) 61 54
#!pragma POLYGON(1,0,0,0.25) 80 61
#!pragma POLYGON(1,0,0,0.25) 61 62
#!pragma POLYGON(1,0,0,0.25) 81 62
#!pragma POLYGON(1,0,0,0.25) 62 55
#!pragma POLYGON(1,0,0,0.25) 82 63
#!pragma POLYGON(1,0,0,0.25) 63 56
#!pragma POLYGON(1,0,0,0.25) 63 64
#!pragma POLYGON(1,0,0,0.25) 83 64
#!pragma POLYGON(1,0,0,0.25) 43 53 54 44
#!pragma POLYGON(1,0,0,0.25) 45 55 56 46
#!pragma POLYGON(1,0,0,0.25) 5 15 16 6
#!pragma POLYGON(1,0,0,0.25) 14 24 25 15
#!pragma POLYGON(1,0,0,0.25) 25 35 36 26
#!pragma POLYGON(1,0,0,0.25) 34 44 45 35
#!pragma POLYGON(1,0,0,0.25) 3 13 14 4
#!pragma POLYGON(1,0,0,0.25) 12 22 23 13
#!pragma POLYGON(1,0,0,0.25) 23 33 34 24
#!pragma POLYGON(1,0,0,0.25) 32 42 43 33
#!pragma POLYGON(1,0,0,0.25) 209 210
#!pragma POLYGON(1,0,0,0.25) 211 212
#!pragma POLYGON(1,0,0,0.25) 260 250
#!pragma POLYGON(1,0,0,0.25) 280 270
#!pragma POLYGON(1,0,0,0.25) 294 284
#!pragma POLYGON(1,0,0,0.25) 274 264
#!pragma POLYGON(1,0,0,0.25) 254 244
#!pragma POLYGON(1,0,0,0.25) 219 220
#!pragma POLYGON(1,0,0,0.25) 221 222
#!pragma POLYGON(1,0,0,0.25) 223 224
#!pragma POLYGON(1,0,0,0.25) 86 87
#!pragma POLYGON(1,0,0,0.25) 84 85
#!pragma POLYGON(1,0,0,0.25) 46 36
#!pragma POLYGON(1,0,0,0.25) 26 16
#!pragma POLYGON(1,0,0,0.25) 12 2
#!pragma POLYGON(1,0,0,0.25) 32 22
#!pragma POLYGON(1,0,0,0.25) 52 42
#!pragma POLYGON(1,0,0,0.25) 76 77
#!pragma POLYGON(1,0,0,0.25) 74 75
#!pragma POLYGON(1,0,0,0.25) 72 73
TICK
R 78 79 80 81 82 112 113 114 115 116 146 147 148 149 150 180 181 182 183 184 214 215 216 217 218 72 73 74 75 76 77 106 107 108 109 110 111 140 141 142 143 144 145 174 175 176 177 178 179 208 209 210 211 212 213 2 3 4 5 6 12 13 14 15 16 22 23 24 25 26 32 33 34 35 36 42 43 44 45 46 52 53 54 55 56 240 241 242 243 244 250 251 252 253 254 260 261 262 263 264 270 271 272 273 274 280 281 282 283 284 290 291 292 293 294 83 84 85 86 87 88 117 118 119 120 121 122 151 152 153 154 155 156 185 186 187 188 189 190 219 220 221 222 223 224
TICK
R 7 27 47 17 37 9 29 49 19 39 11 31 51 21 41 8 28 48 0 18 38 10 30 50 1 20 40 255 275 245 265 285 257 277 247 267 287 259 279 249 269 289 256 246 248 258 266 276 268 278 286 295 296 288 65 66 67 90 92 94 96 98 100 102 104 70 71 124 126 128 130 132 134 136 138 158 160 162 164 166 168 170 172 192 194 196 198 200 202 204 206 225 226 229 230 231 227 228 89 91 93 95 97 99 101 103 105 123 125 127 129 131 133 135 137 139 157 159 161 163 165 167 169 171 173 191 193 195 197 199 201 203 205 207 238 239 57 58 68 69 59 61 63 60 62 64 232 234 236 233 235 237
TICK
H 7 27 47 17 37 9 29 49 19 39 11 31 51 21 41 8 28 48 0 18 38 10 30 50 1 20 40 255 275 245 265 285 257 277 247 267 287 259 279 249 269 289 256 246 248 258 266 276 268 278 286 295 296 288 65 66 67 90 92 94 96 98 100 102 104 70 71 124 126 128 130 132 134 136 138 158 160 162 164 166 168 170 172 192 194 196 198 200 202 204 206 225 226 229 230 231 227 228 89 91 93 95 97 99 101 103 105 123 125 127 129 131 133 135 137 139 157 159 161 163 165 167 169 171 173 191 193 195 197 199 201 203 205 207 238 239 57 58 59 61 63 232 234 236 233 235 237
TICK
CX 17 22 37 42 9 13 29 33 49 53 19 24 39 44 11 15 31 35 51 55 21 26 41 46 245 250 265 270 285 290 257 261 277 281 247 252 267 272 287 292 259 263 279 283 249 254 269 274 289 294 90 73 92 75 94 77 96 79 98 81 100 83 102 85 104 87 124 106 126 108 128 110 130 112 132 114 134 116 136 118 138 120 158 141 160 143 162 145 164 147 166 149 168 151 170 153 172 155 192 174 194 176 196 178 198 180 200 182 202 184 204 186 206 188 229 219 230 221 231 223 225 209 226 211 57 68 58 69 59 60 61 62 63 64 232 213 234 215 236 217
CZ 8 12 28 32 48 52 0 3 18 23 38 43 10 14 30 34 50 54 1 5 20 25 40 45 256 260 246 251 248 253 258 262 266 271 276 280 268 273 278 282 286 291 288 293 89 72 91 74 93 76 95 78 97 80 99 82 101 84 103 86 105 88 125 107 127 109 129 111 131 113 133 115 135 117 137 119 139 121 157 140 159 142 161 144 163 146 165 148 167 150 169 152 171 154 173 156 193 175 195 177 197 179 199 181 201 183 203 185 205 187 207 189 227 214 228 216 238 240 239 242
TICK
CX 234 241 236 243
TICK
CX 17 12 37 32 9 3 29 23 49 43 19 14 39 34 11 5 31 25 51 45 21 16 41 36 245 240 265 260 285 280 257 251 277 271 247 242 267 262 287 282 259 253 279 273 249 244 269 264 289 284 90 74 92 76 94 78 96 80 98 82 100 84 102 86 104 88 124 107 126 109 128 111 130 113 132 115 134 117 136 119 138 121 158 142 160 144 162 146 164 148 166 150 168 152 170 154 172 156 192 175 194 177 196 179 198 181 200 183 202 185 204 187 206 189 229 220 230 222 231 224 225 210 226 212 59 52 61 54 63 56 233 214 235 216 237 218
CZ 8 13 28 33 48 53 0 4 18 24 38 44 10 15 30 35 50 55 1 6 20 26 40 46 256 261 246 252 248 254 258 263 266 272 276 281 268 274 278 283 286 292 288 294 89 106 91 108 93 110 95 112 97 114 99 116 101 118 103 120 105 122 125 141 127 143 129 145 131 147 133 149 135 151 137 153 139 155 157 174 159 176 161 178 163 180 165 182 167 184 169 186 171 188 173 190 193 209 195 211 197 213 199 215 201 217 203 219 205 221 207 223 238 241 239 243 68 79 69 81
TICK
CX 7 12 27 32 47 52 17 23 37 43 9 14 29 34 49 54 19 25 39 45 11 16 31 36 51 56 255 260 275 280 245 251 265 271 285 291 257 262 277 282 247 253 267 273 287 293 259 264 279 284 65 72 66 74 67 76 70 84 71 86 90 107 92 109 94 111 96 113 98 115 100 117 102 119 104 121 124 140 126 142 128 144 130 146 132 148 134 150 136 152 138 154 158 175 160 177 162 179 164 181 166 183 168 185 170 187 172 189 192 208 194 210 196 212 198 214 200 216 202 218 204 220 206 222 59 78 61 80 63 82 233 240 235 242 237 244
CZ 8 2 28 22 48 42 18 13 38 33 10 4 30 24 50 44 20 15 40 35 256 250 246 241 248 243 258 252 266 261 276 270 268 263 278 272 286 281 295 290 296 292 288 283 89 73 91 75 93 77 95 79 97 81 99 83 101 85 103 87 123 106 125 108 127 110 129 112 131 114 133 116 135 118 137 120 139 122 157 141 159 143 161 145 163 147 165 149 167 151 169 153 171 155 191 174 193 176 195 178 197 180 199 182 201 184 203 186 205 188 207 190 227 215 228 217 57 53 58 55
TICK
CX 7 2 27 22 47 42 17 13 37 33 9 4 29 24 49 44 19 15 39 35 11 6 31 26 51 46 255 250 275 270 245 241 265 261 285 281 257 252 277 272 247 243 267 263 287 283 259 254 279 274 65 73 66 75 67 77 70 85 71 87 90 108 92 110 94 112 96 114 98 116 100 118 102 120 104 122 124 141 126 143 128 145 130 147 132 149 134 151 136 153 138 155 158 176 160 178 162 180 164 182 166 184 168 186 170 188 172 190 192 209 194 211 196 213 198 215 200 217 202 219 204 221 206 223 227 238 228 239 60 53 62 55 232 233 234 235 236 237
CZ 8 3 28 23 48 43 18 14 38 34 10 5 30 25 50 45 20 16 40 36 256 251 246 242 248 244 258 253 266 262 276 271 268 264 278 273 286 282 295 291 296 293 288 284 89 107 91 109 93 111 95 113 97 115 99 117 101 119 103 121 123 140 125 142 127 144 129 146 131 148 133 150 135 152 137 154 139 156 157 175 159 177 161 179 163 181 165 183 167 185 169 187 171 189 191 208 193 210 195 212 197 214 199 216 201 218 203 220 205 222 207 224 57 54 58 56 68 80 69 82
TICK
CX 60 79 62 81 64 83
TICK
H 7 27 47 17 37 9 29 49 19 39 11 31 51 21 41 8 28 48 0 18 38 10 30 50 1 20 40 255 275 245 265 285 257 277 247 267 287 259 279 249 269 289 256 246 248 258 266 276 268 278 286 295 296 288 65 66 67 70 71 90 92 94 96 98 100 102 104 124 126 128 130 132 134 136 138 158 160 162 164 166 168 170 172 192 194 196 198 200 202 204 206 229 230 231 225 226 89 91 93 95 97 99 101 103 105 123 125 127 129 131 133 135 137 139 157 159 161 163 165 167 169 171 173 191 193 195 197 199 201 203 205 207 227 228 57 58 68 69 60 62 64 59 61 63 232 234 236
TICK
M 7 27 47 17 37 9 29 49 19 39 11 31 51 21 41 8 28 48 0 18 38 10 30 50 1 20 40 255 275 245 265 285 257 277 247 267 287 259 279 249 269 289 256 246 248 258 266 276 268 278 286 295 296 288 65 66 67 70 71 90 92 94 96 98 100 102 104 124 126 128 130 132 134 136 138 158 160 162 164 166 168 170 172 192 194 196 198 200 202 204 206 229 230 231 225 226 89 91 93 95 97 99 101 103 105 123 125 127 129 131 133 135 137 139 157 159 161 163 165 167 169 171 173 191 193 195 197 199 201 203 205 207 227 228 238 239 57 58 68 69 60 62 64 59 61 63 232 234 236 233 235 237
TICK
R 7 27 47 17 37 9 29 49 19 39 11 31 51 21 41 8 28 48 0 18 38 10 30 50 1 20 40 255 275 245 265 285 257 277 247 267 287 259 279 249 269 289 256 246 248 258 266 276 268 278 286 295 296 288 65 66 67 70 71 90 92 94 96 98 100 102 104 124 126 128 130 132 134 136 138 158 160 162 164 166 168 170 172 192 194 196 198 200 202 204 206 229 230 231 225 226 89 91 93 95 97 99 101 103 105 123 125 127 129 131 133 135 137 139 157 159 161 163 165 167 169 171 173 191 193 195 197 199 201 203 205 207 227 228 238 239 57 58 68 69 60 62 64 59 61 63 232 234 236 233 235 237
TICK
H 7 27 47 17 37 9 29 49 19 39 11 31 51 21 41 8 28 48 0 18 38 10 30 50 1 20 40 255 275 245 265 285 257 277 247 267 287 259 279 249 269 289 256 246 248 258 266 276 268 278 286 295 296 288 65 66 67 70 71 90 92 94 96 98 100 102 104 124 126 128 130 132 134 136 138 158 160 162 164 166 168 170 172 192 194 196 198 200 202 204 206 229 230 231 225 226 89 91 93 95 97 99 101 103 105 123 125 127 129 131 133 135 137 139 157 159 161 163 165 167 169 171 173 191 193 195 197 199 201 203 205 207 227 228 238 239 57 58 59 61 63 232 234 236 233 235 237
TICK
CX 7 12 27 32 47 52 17 23 37 43 9 14 29 34 49 54 19 25 39 45 11 16 31 36 51 56 255 260 275 280 245 251 265 271 285 291 257 262 277 282 247 253 267 273 287 293 259 264 279 284 90 74 92 76 94 78 96 80 98 82 100 84 102 86 104 88 124 107 126 109 128 111 130 113 132 115 134 117 136 119 138 121 158 142 160 144 162 146 164 148 166 150 168 152 170 154 172 156 192 175 194 177 196 179 198 181 200 183 202 185 204 187 206 189 229 220 230 222 231 224 225 210 226 212 57 68 58 69 59 60 61 62 63 64 233 214 235 216 237 218
CZ 8 13 28 33 48 53 0 4 18 24 38 44 10 15 30 35 50 55 1 6 20 26 40 46 256 261 246 252 248 254 258 263 266 272 276 281 268 274 278 283 286 292 288 294 89 73 91 75 93 77 95 79 97 81 99 83 101 85 103 87 123 106 125 108 127 110 129 112 131 114 133 116 135 118 137 120 139 122 157 141 159 143 161 145 163 147 165 149 167 151 169 153 171 155 191 174 193 176 195 178 197 180 199 182 201 184 203 186 205 188 207 190 227 215 228 217 238 241 239 243
TICK
CX 233 240 235 242 237 244
TICK
CX 7 2 27 22 47 42 17 13 37 33 9 4 29 24 49 44 19 15 39 35 11 6 31 26 51 46 255 250 275 270 245 241 265 261 285 281 257 252 277 272 247 243 267 263 287 283 259 254 279 274 90 73 92 75 94 77 96 79 98 81 100 83 102 85 104 87 124 106 126 108 128 110 130 112 132 114 134 116 136 118 138 120 158 141 160 143 162 145 164 147 166 149 168 151 170 153 172 155 192 174 194 176 196 178 198 180 200 182 202 184 204 186 206 188 229 219 230 221 231 223 225 209 226 211 60 53 62 55 232 213 234 215 236 217
CZ 8 12 28 32 48 52 0 3 18 23 38 43 10 14 30 34 50 54 1 5 20 25 40 45 256 260 246 251 248 253 258 262 266 271 276 280 268 273 278 282 286 291 288 293 89 107 91 109 93 111 95 113 97 115 99 117 101 119 103 121 123 140 125 142 127 144 129 146 131 148 133 150 135 152 137 154 139 156 157 175 159 177 161 179 163 181 165 183 167 185 169 187 171 189 191 208 193 210 195 212 197 214 199 216 201 218 203 220 205 222 207 224 238 240 239 242 68 80 69 82
TICK
CX 17 22 37 42 9 13 29 33 49 53 19 24 39 44 11 15 31 35 51 55 21 26 41 46 245 250 265 270 285 290 257 261 277 281 247 252 267 272 287 292 259 263 279 283 249 254 269 274 289 294 65 73 66 75 67 77 70 85 71 87 90 108 92 110 94 112 96 114 98 116 100 118 102 120 104 122 124 141 126 143 128 145 130 147 132 149 134 151 136 153 138 155 158 176 160 178 162 180 164 182 166 184 168 186 170 188 172 190 192 209 194 211 196 213 198 215 200 217 202 219 204 221 206 223 60 79 62 81 64 83 234 241 236 243
CZ 8 3 28 23 48 43 18 14 38 34 10 5 30 25 50 45 20 16 40 36 256 251 246 242 248 244 258 253 266 262 276 271 268 264 278 273 286 282 295 291 296 293 288 284 89 72 91 74 93 76 95 78 97 80 99 82 101 84 103 86 105 88 125 107 127 109 129 111 131 113 133 115 135 117 137 119 139 121 157 140 159 142 161 144 163 146 165 148 167 150 169 152 171 154 173 156 193 175 195 177 197 179 199 181 201 183 203 185 205 187 207 189 227 214 228 216 57 54 58 56
TICK
CX 17 12 37 32 9 3 29 23 49 43 19 14 39 34 11 5 31 25 51 45 21 16 41 36 245 240 265 260 285 280 257 251 277 271 247 242 267 262 287 282 259 253 279 273 249 244 269 264 289 284 65 72 66 74 67 76 70 84 71 86 90 107 92 109 94 111 96 113 98 115 100 117 102 119 104 121 124 140 126 142 128 144 130 146 132 148 134 150 136 152 138 154 158 175 160 177 162 179 164 181 166 183 168 185 170 187 172 189 192 208 194 210 196 212 198 214 200 216 202 218 204 220 206 222 227 238 228 239 59 52 61 54 63 56 232 233 234 235 236 237
CZ 8 2 28 22 48 42 18 13 38 33 10 4 30 24 50 44 20 15 40 35 256 250 246 241 248 243 258 252 266 261 276 270 268 263 278 272 286 281 295 290 296 292 288 283 89 106 91 108 93 110 95 112 97 114 99 116 101 118 103 120 105 122 125 141 127 143 129 145 131 147 133 149 135 151 137 153 139 155 157 174 159 176 161 178 163 180 165 182 167 184 169 186 171 188 173 190 193 209 195 211 197 213 199 215 201 217 203 219 205 221 207 223 57 53 58 55 68 79 69 81
TICK
CX 59 78 61 80 63 82
TICK
H 7 27 47 17 37 9 29 49 19 39 11 31 51 21 41 8 28 48 0 18 38 10 30 50 1 20 40 255 275 245 265 285 257 277 247 267 287 259 279 249 269 289 256 246 248 258 266 276 268 278 286 295 296 288 65 66 67 70 71 90 92 94 96 98 100 102 104 124 126 128 130 132 134 136 138 158 160 162 164 166 168 170 172 192 194 196 198 200 202 204 206 229 230 231 225 226 89 91 93 95 97 99 101 103 105 123 125 127 129 131 133 135 137 139 157 159 161 163 165 167 169 171 173 191 193 195 197 199 201 203 205 207 227 228 57 58 68 69 59 61 63 60 62 64 232 234 236
TICK
M 7 27 47 17 37 9 29 49 19 39 11 31 51 21 41 8 28 48 0 18 38 10 30 50 1 20 40 255 275 245 265 285 257 277 247 267 287 259 279 249 269 289 256 246 248 258 266 276 268 278 286 295 296 288 65 66 67 70 71 90 92 94 96 98 100 102 104 124 126 128 130 132 134 136 138 158 160 162 164 166 168 170 172 192 194 196 198 200 202 204 206 229 230 231 225 226 89 91 93 95 97 99 101 103 105 123 125 127 129 131 133 135 137 139 157 159 161 163 165 167 169 171 173 191 193 195 197 199 201 203 205 207 227 228 238 239 57 58 68 69 59 61 63 60 62 64 232 234 236 233 235 237
TICK
R 7 27 47 17 37 9 29 49 19 39 11 31 51 21 41 8 28 48 0 18 38 10 30 50 1 20 40 255 275 245 265 285 257 277 247 267 287 259 279 249 269 289 256 246 248 258 266 276 268 278 286 295 296 288 65 66 67 90 92 94 96 98 100 102 104 70 71 124 126 128 130 132 134 136 138 158 160 162 164 166 168 170 172 192 194 196 198 200 202 204 206 225 226 229 230 231 227 228 89 91 93 95 97 99 101 103 105 123 125 127 129 131 133 135 137 139 157 159 161 163 165 167 169 171 173 191 193 195 197 199 201 203 205 207 238 239 57 58 68 69 59 61 63 60 62 64 232 234 236 233 235 237
TICK
H 7 27 47 17 37 9 29 49 19 39 11 31 51 21 41 8 28 48 0 18 38 10 30 50 1 20 40 255 275 245 265 285 257 277 247 267 287 259 279 249 269 289 256 246 248 258 266 276 268 278 286 295 296 288 65 66 67 90 92 94 96 98 100 102 104 70 71 124 126 128 130 132 134 136 138 158 160 162 164 166 168 170 172 192 194 196 198 200 202 204 206 225 226 229 230 231 227 228 89 91 93 95 97 99 101 103 105 123 125 127 129 131 133 135 137 139 157 159 161 163 165 167 169 171 173 191 193 195 197 199 201 203 205 207 238 239 57 58 59 61 63 232 234 236 233 235 237
TICK
CX 17 22 37 42 9 13 29 33 49 53 19 24 39 44 11 15 31 35 51 55 21 26 41 46 245 250 265 270 285 290 257 261 277 281 247 252 267 272 287 292 259 263 279 283 249 254 269 274 289 294 90 73 92 75 94 77 96 79 98 81 100 83 102 85 104 87 124 106 126 108 128 110 130 112 132 114 134 116 136 118 138 120 158 141 160 143 162 145 164 147 166 149 168 151 170 153 172 155 192 174 194 176 196 178 198 180 200 182 202 184 204 186 206 188 229 219 230 221 231 223 225 209 226 211 57 68 58 69 59 60 61 62 63 64 232 213 234 215 236 217
CZ 8 12 28 32 48 52 0 3 18 23 38 43 10 14 30 34 50 54 1 5 20 25 40 45 256 260 246 251 248 253 258 262 266 271 276 280 268 273 278 282 286 291 288 293 89 72 91 74 93 76 95 78 97 80 99 82 101 84 103 86 105 88 125 107 127 109 129 111 131 113 133 115 135 117 137 119 139 121 157 140 159 142 161 144 163 146 165 148 167 150 169 152 171 154 173 156 193 175 195 177 197 179 199 181 201 183 203 185 205 187 207 189 227 214 228 216 238 240 239 242
TICK
CX 234 241 236 243
TICK
CX 17 12 37 32 9 3 29 23 49 43 19 14 39 34 11 5 31 25 51 45 21 16 41 36 245 240 265 260 285 280 257 251 277 271 247 242 267 262 287 282 259 253 279 273 249 244 269 264 289 284 90 74 92 76 94 78 96 80 98 82 100 84 102 86 104 88 124 107 126 109 128 111 130 113 132 115 134 117 136 119 138 121 158 142 160 144 162 146 164 148 166 150 168 152 170 154 172 156 192 175 194 177 196 179 198 181 200 183 202 185 204 187 206 189 229 220 230 222 231 224 225 210 226 212 59 52 61 54 63 56 233 214 235 216 237 218
CZ 8 13 28 33 48 53 0 4 18 24 38 44 10 15 30 35 50 55 1 6 20 26 40 46 256 261 246 252 248 254 258 263 266 272 276 281 268 274 278 283 286 292 288 294 89 106 91 108 93 110 95 112 97 114 99 116 101 118 103 120 105 122 125 141 127 143 129 145 131 147 133 149 135 151 137 153 139 155 157 174 159 176 161 178 163 180 165 182 167 184 169 186 171 188 173 190 193 209 195 211 197 213 199 215 201 217 203 219 205 221 207 223 238 241 239 243 68 79 69 81
TICK
CX 7 12 27 32 47 52 17 23 37 43 9 14 29 34 49 54 19 25 39 45 11 16 31 36 51 56 255 260 275 280 245 251 265 271 285 291 257 262 277 282 247 253 267 273 287 293 259 264 279 284 65 72 66 74 67 76 70 84 71 86 90 107 92 109 94 111 96 113 98 115 100 117 102 119 104 121 124 140 126 142 128 144 130 146 132 148 134 150 136 152 138 154 158 175 160 177 162 179 164 181 166 183 168 185 170 187 172 189 192 208 194 210 196 212 198 214 200 216 202 218 204 220 206 222 59 78 61 80 63 82 233 240 235 242 237 244
CZ 8 2 28 22 48 42 18 13 38 33 10 4 30 24 50 44 20 15 40 35 256 250 246 241 248 243 258 252 266 261 276 270 268 263 278 272 286 281 295 290 296 292 288 283 89 73 91 75 93 77 95 79 97 81 99 83 101 85 103 87 123 106 125 108 127 110 129 112 131 114 133 116 135 118 137 120 139 122 157 141 159 143 161 145 163 147 165 149 167 151 169 153 171 155 191 174 193 176 195 178 197 180 199 182 201 184 203 186 205 188 207 190 227 215 228 217 57 53 58 55
TICK
CX 7 2 27 22 47 42 17 13 37 33 9 4 29 24 49 44 19 15 39 35 11 6 31 26 51 46 255 250 275 270 245 241 265 261 285 281 257 252 277 272 247 243 267 263 287 283 259 254 279 274 65 73 66 75 67 77 70 85 71 87 90 108 92 110 94 112 96 114 98 116 100 118 102 120 104 122 124 141 126 143 128 145 130 147 132 149 134 151 136 153 138 155 158 176 160 178 162 180 164 182 166 184 168 186 170 188 172 190 192 209 194 211 196 213 198 215 200 217 202 219 204 221 206 223 227 238 228 239 60 53 62 55 232 233 234 235 236 237
CZ 8 3 28 23 48 43 18 14 38 34 10 5 30 25 50 45 20 16 40 36 256 251 246 242 248 244 258 253 266 262 276 271 268 264 278 273 286 282 295 291 296 293 288 284 89 107 91 109 93 111 95 113 97 115 99 117 101 119 103 121 123 140 125 142 127 144 129 146 131 148 133 150 135 152 137 154 139 156 157 175 159 177 161 179 163 181 165 183 167 185 169 187 171 189 191 208 193 210 195 212 197 214 199 216 201 218 203 220 205 222 207 224 57 54 58 56 68 80 69 82
TICK
CX 60 79 62 81 64 83
TICK
H 7 27 47 17 37 9 29 49 19 39 11 31 51 21 41 8 28 48 0 18 38 10 30 50 1 20 40 255 275 245 265 285 257 277 247 267 287 259 279 249 269 289 256 246 248 258 266 276 268 278 286 295 296 288 65 66 67 70 71 90 92 94 96 98 100 102 104 124 126 128 130 132 134 136 138 158 160 162 164 166 168 170 172 192 194 196 198 200 202 204 206 229 230 231 225 226 89 91 93 95 97 99 101 103 105 123 125 127 129 131 133 135 137 139 157 159 161 163 165 167 169 171 173 191 193 195 197 199 201 203 205 207 227 228 57 58 68 69 60 62 64 59 61 63 232 234 236
TICK
M 7 27 47 17 37 9 29 49 19 39 11 31 51 21 41 8 28 48 0 18 38 10 30 50 1 20 40 255 275 245 265 285 257 277 247 267 287 259 279 249 269 289 256 246 248 258 266 276 268 278 286 295 296 288 65 66 67 70 71 90 92 94 96 98 100 102 104 124 126 128 130 132 134 136 138 158 160 162 164 166 168 170 172 192 194 196 198 200 202 204 206 229 230 231 225 226 89 91 93 95 97 99 101 103 105 123 125 127 129 131 133 135 137 139 157 159 161 163 165 167 169 171 173 191 193 195 197 199 201 203 205 207 227 228 238 239 57 58 68 69 60 62 64 59 61 63 232 234 236 233 235 237
TICK
R 7 27 47 17 37 9 29 49 19 39 11 31 51 21 41 8 28 48 0 18 38 10 30 50 1 20 40 255 275 245 265 285 257 277 247 267 287 259 279 249 269 289 256 246 248 258 266 276 268 278 286 295 296 288 65 66 67 70 71 90 92 94 96 98 100 102 104 124 126 128 130 132 134 136 138 158 160 162 164 166 168 170 172 192 194 196 198 200 202 204 206 229 230 231 225 226 89 91 93 95 97 99 101 103 105 123 125 127 129 131 133 135 137 139 157 159 161 163 165 167 169 171 173 191 193 195 197 199 201 203 205 207 227 228 238 239 57 58 68 69 60 62 64 59 61 63 232 234 236 233 235 237
TICK
H 7 27 47 17 37 9 29 49 19 39 11 31 51 21 41 8 28 48 0 18 38 10 30 50 1 20 40 255 275 245 265 285 257 277 247 267 287 259 279 249 269 289 256 246 248 258 266 276 268 278 286 295 296 288 65 66 67 70 71 90 92 94 96 98 100 102 104 124 126 128 130 132 134 136 138 158 160 162 164 166 168 170 172 192 194 196 198 200 202 204 206 229 230 231 225 226 89 91 93 95 97 99 101 103 105 123 125 127 129 131 133 135 137 139 157 159 161 163 165 167 169 171 173 191 193 195 197 199 201 203 205 207 227 228 238 239 57 58 59 61 63 232 234 236 233 235 237
TICK
CX 7 12 27 32 47 52 17 23 37 43 9 14 29 34 49 54 19 25 39 45 11 16 31 36 51 56 255 260 275 280 245 251 265 271 285 291 257 262 277 282 247 253 267 273 287 293 259 264 279 284 90 74 92 76 94 78 96 80 98 82 100 84 102 86 104 88 124 107 126 109 128 111 130 113 132 115 134 117 136 119 138 121 158 142 160 144 162 146 164 148 166 150 168 152 170 154 172 156 192 175 194 177 196 179 198 181 200 183 202 185 204 187 206 189 229 220 230 222 231 224 225 210 226 212 57 68 58 69 59 60 61 62 63 64 233 214 235 216 237 218
CZ 8 13 28 33 48 53 0 4 18 24 38 44 10 15 30 35 50 55 1 6 20 26 40 46 256 261 246 252 248 254 258 263 266 272 276 281 268 274 278 283 286 292 288 294 89 73 91 75 93 77 95 79 97 81 99 83 101 85 103 87 123 106 125 108 127 110 129 112 131 114 133 116 135 118 137 120 139 122 157 141 159 143 161 145 163 147 165 149 167 151 169 153 171 155 191 174 193 176 195 178 197 180 199 182 201 184 203 186 205 188 207 190 227 215 228 217 238 241 239 243
TICK
CX 233 240 235 242 237 244
TICK
CX 7 2 27 22 47 42 17 13 37 33 9 4 29 24 49 44 19 15 39 35 11 6 31 26 51 46 255 250 275 270 245 241 265 261 285 281 257 252 277 272 247 243 267 263 287 283 259 254 279 274 90 73 92 75 94 77 96 79 98 81 100 83 102 85 104 87 124 106 126 108 128 110 130 112 132 114 134 116 136 118 138 120 158 141 160 143 162 145 164 147 166 149 168 151 170 153 172 155 192 174 194 176 196 178 198 180 200 182 202 184 204 186 206 188 229 219 230 221 231 223 225 209 226 211 60 53 62 55 232 213 234 215 236 217
CZ 8 12 28 32 48 52 0 3 18 23 38 43 10 14 30 34 50 54 1 5 20 25 40 45 256 260 246 251 248 253 258 262 266 271 276 280 268 273 278 282 286 291 288 293 89 107 91 109 93 111 95 113 97 115 99 117 101 119 103 121 123 140 125 142 127 144 129 146 131 148 133 150 135 152 137 154 139 156 157 175 159 177 161 179 163 181 165 183 167 185 169 187 171 189 191 208 193 210 195 212 197 214 199 216 201 218 203 220 205 222 207 224 238 240 239 242 68 80 69 82
TICK
CX 17 22 37 42 9 13 29 33 49 53 19 24 39 44 11 15 31 35 51 55 21 26 41 46 245 250 265 270 285 290 257 261 277 281 247 252 267 272 287 292 259 263 279 283 249 254 269 274 289 294 65 73 66 75 67 77 70 85 71 87 90 108 92 110 94 112 96 114 98 116 100 118 102 120 104 122 124 141 126 143 128 145 130 147 132 149 134 151 136 153 138 155 158 176 160 178 162 180 164 182 166 184 168 186 170 188 172 190 192 209 194 211 196 213 198 215 200 217 202 219 204 221 206 223 60 79 62 81 64 83 234 241 236 243
CZ 8 3 28 23 48 43 18 14 38 34 10 5 30 25 50 45 20 16 40 36 256 251 246 242 248 244 258 253 266 262 276 271 268 264 278 273 286 282 295 291 296 293 288 284 89 72 91 74 93 76 95 78 97 80 99 82 101 84 103 86 105 88 125 107 127 109 129 111 131 113 133 115 135 117 137 119 139 121 157 140 159 142 161 144 163 146 165 148 167 150 169 152 171 154 173 156 193 175 195 177 197 179 199 181 201 183 203 185 205 187 207 189 227 214 228 216 57 54 58 56
TICK
CX 17 12 37 32 9 3 29 23 49 43 19 14 39 34 11 5 31 25 51 45 21 16 41 36 245 240 265 260 285 280 257 251 277 271 247 242 267 262 287 282 259 253 279 273 249 244 269 264 289 284 65 72 66 74 67 76 70 84 71 86 90 107 92 109 94 111 96 113 98 115 100 117 102 119 104 121 124 140 126 142 128 144 130 146 132 148 134 150 136 152 138 154 158 175 160 177 162 179 164 181 166 183 168 185 170 187 172 189 192 208 194 210 196 212 198 214 200 216 202 218 204 220 206 222 227 238 228 239 59 52 61 54 63 56 232 233 234 235 236 237
CZ 8 2 28 22 48 42 18 13 38 33 10 4 30 24 50 44 20 15 40 35 256 250 246 241 248 243 258 252 266 261 276 270 268 263 278 272 286 281 295 290 296 292 288 283 89 106 91 108 93 110 95 112 97 114 99 116 101 118 103 120 105 122 125 141 127 143 129 145 131 147 133 149 135 151 137 153 139 155 157 174 159 176 161 178 163 180 165 182 167 184 169 186 171 188 173 190 193 209 195 211 197 213 199 215 201 217 203 219 205 221 207 223 57 53 58 55 68 79 69 81
TICK
CX 59 78 61 80 63 82
TICK
H 7 27 47 17 37 9 29 49 19 39 11 31 51 21 41 8 28 48 0 18 38 10 30 50 1 20 40 255 275 245 265 285 257 277 247 267 287 259 279 249 269 289 256 246 248 258 266 276 268 278 286 295 296 288 65 66 67 70 71 90 92 94 96 98 100 102 104 124 126 128 130 132 134 136 138 158 160 162 164 166 168 170 172 192 194 196 198 200 202 204 206 229 230 231 225 226 89 91 93 95 97 99 101 103 105 123 125 127 129 131 133 135 137 139 157 159 161 163 165 167 169 171 173 191 193 195 197 199 201 203 205 207 227 228 57 58 68 69 59 61 63 60 62 64 232 234 236
TICK
M 7 27 47 17 37 9 29 49 19 39 11 31 51 21 41 8 28 48 0 18 38 10 30 50 1 20 40 255 275 245 265 285 257 277 247 267 287 259 279 249 269 289 256 246 248 258 266 276 268 278 286 295 296 288 65 66 67 70 71 90 92 94 96 98 100 102 104 124 126 128 130 132 134 136 138 158 160 162 164 166 168 170 172 192 194 196 198 200 202 204 206 229 230 231 225 226 89 91 93 95 97 99 101 103 105 123 125 127 129 131 133 135 137 139 157 159 161 163 165 167 169 171 173 191 193 195 197 199 201 203 205 207 227 228 238 239 57 58 68 69 59 61 63 60 62 64 232 234 236 233 235 237
TICK
R 7 27 47 17 37 9 29 49 19 39 11 31 51 21 41 8 28 48 0 18 38 10 30 50 1 20 40 255 275 245 265 285 257 277 247 267 287 259 279 249 269 289 256 246 248 258 266 276 268 278 286 295 296 288 65 66 67 90 92 94 96 98 100 102 104 70 71 124 126 128 130 132 134 136 138 158 160 162 164 166 168 170 172 192 194 196 198 200 202 204 206 225 226 229 230 231 227 228 89 91 93 95 97 99 101 103 105 123 125 127 129 131 133 135 137 139 157 159 161 163 165 167 169 171 173 191 193 195 197 199 201 203 205 207 238 239 57 58 68 69 59 61 63 60 62 64 232 234 236 233 235 237
TICK
H 7 27 47 17 37 9 29 49 19 39 11 31 51 21 41 8 28 48 0 18 38 10 30 50 1 20 40 255 275 245 265 285 257 277 247 267 287 259 279 249 269 289 256 246 248 258 266 276 268 278 286 295 296 288 65 66 67 90 92 94 96 98 100 102 104 70 71 124 126 128 130 132 134 136 138 158 160 162 164 166 168 170 172 192 194 196 198 200 202 204 206 225 226 229 230 231 227 228 89 91 93 95 97 99 101 103 105 123 125 127 129 131 133 135 137 139 157 159 161 163 165 167 169 171 173 191 193 195 197 199 201 203 205 207 238 239 57 58 59 61 63 232 234 236 233 235 237
TICK
CX 17 22 37 42 9 13 29 33 49 53 19 24 39 44 11 15 31 35 51 55 21 26 41 46 245 250 265 270 285 290 257 261 277 281 247 252 267 272 287 292 259 263 279 283 249 254 269 274 289 294 90 73 92 75 94 77 96 79 98 81 100 83 102 85 104 87 124 106 126 108 128 110 130 112 132 114 134 116 136 118 138 120 158 141 160 143 162 145 164 147 166 149 168 151 170 153 172 155 192 174 194 176 196 178 198 180 200 182 202 184 204 186 206 188 229 219 230 221 231 223 225 209 226 211 57 68 58 69 59 60 61 62 63 64 232 213 234 215 236 217
CZ 8 12 28 32 48 52 0 3 18 23 38 43 10 14 30 34 50 54 1 5 20 25 40 45 256 260 246 251 248 253 258 262 266 271 276 280 268 273 278 282 286 291 288 293 89 72 91 74 93 76 95 78 97 80 99 82 101 84 103 86 105 88 125 107 127 109 129 111 131 113 133 115 135 117 137 119 139 121 157 140 159 142 161 144 163 146 165 148 167 150 169 152 171 154 173 156 193 175 195 177 197 179 199 181 201 183 203 185 205 187 207 189 227 214 228 216 238 240 239 242
TICK
CX 234 241 236 243
TICK
CX 17 12 37 32 9 3 29 23 49 43 19 14 39 34 11 5 31 25 51 45 21 16 41 36 245 240 265 260 285 280 257 251 277 271 247 242 267 262 287 282 259 253 279 273 249 244 269 264 289 284 90 74 92 76 94 78 96 80 98 82 100 84 102 86 104 88 124 107 126 109 128 111 130 113 132 115 134 117 136 119 138 121 158 142 160 144 162 146 164 148 166 150 168 152 170 154 172 156 192 175 194 177 196 179 198 181 200 183 202 185 204 187 206 189 229 220 230 222 231 224 225 210 226 212 59 52 61 54 63 56 233 214 235 216 237 218
CZ 8 13 28 33 48 53 0 4 18 24 38 44 10 15 30 35 50 55 1 6 20 26 40 46 256 261 246 252 248 254 258 263 266 272 276 281 268 274 278 283 286 292 288 294 89 106 91 108 93 110 95 112 97 114 99 116 101 118 103 120 105 122 125 141 127 143 129 145 131 147 133 149 135 151 137 153 139 155 157 174 159 176 161 178 163 180 165 182 167 184 169 186 171 188 173 190 193 209 195 211 197 213 199 215 201 217 203 219 205 221 207 223 238 241 239 243 68 79 69 81
TICK
CX 7 12 27 32 47 52 17 23 37 43 9 14 29 34 49 54 19 25 39 45 11 16 31 36 51 56 255 260 275 280 245 251 265 271 285 291 257 262 277 282 247 253 267 273 287 293 259 264 279 284 65 72 66 74 67 76 70 84 71 86 90 107 92 109 94 111 96 113 98 115 100 117 102 119 104 121 124 140 126 142 128 144 130 146 132 148 134 150 136 152 138 154 158 175 160 177 162 179 164 181 166 183 168 185 170 187 172 189 192 208 194 210 196 212 198 214 200 216 202 218 204 220 206 222 59 78 61 80 63 82 233 240 235 242 237 244
CZ 8 2 28 22 48 42 18 13 38 33 10 4 30 24 50 44 20 15 40 35 256 250 246 241 248 243 258 252 266 261 276 270 268 263 278 272 286 281 295 290 296 292 288 283 89 73 91 75 93 77 95 79 97 81 99 83 101 85 103 87 123 106 125 108 127 110 129 112 131 114 133 116 135 118 137 120 139 122 157 141 159 143 161 145 163 147 165 149 167 151 169 153 171 155 191 174 193 176 195 178 197 180 199 182 201 184 203 186 205 188 207 190 227 215 228 217 57 53 58 55
TICK
CX 7 2 27 22 47 42 17 13 37 33 9 4 29 24 49 44 19 15 39 35 11 6 31 26 51 46 255 250 275 270 245 241 265 261 285 281 257 252 277 272 247 243 267 263 287 283 259 254 279 274 65 73 66 75 67 77 70 85 71 87 90 108 92 110 94 112 96 114 98 116 100 118 102 120 104 122 124 141 126 143 128 145 130 147 132 149 134 151 136 153 138 155 158 176 160 178 162 180 164 182 166 184 168 186 170 188 172 190 192 209 194 211 196 213 198 215 200 217 202 219 204 221 206 223 227 238 228 239 60 53 62 55 232 233 234 235 236 237
CZ 8 3 28 23 48 43 18 14 38 34 10 5 30 25 50 45 20 16 40 36 256 251 246 242 248 244 258 253 266 262 276 271 268 264 278 273 286 282 295 291 296 293 288 284 89 107 91 109 93 111 95 113 97 115 99 117 101 119 103 121 123 140 125 142 127 144 129 146 131 148 133 150 135 152 137 154 139 156 157 175 159 177 161 179 163 181 165 183 167 185 169 187 171 189 191 208 193 210 195 212 197 214 199 216 201 218 203 220 205 222 207 224 57 54 58 56 68 80 69 82
TICK
CX 60 79 62 81 64 83
TICK
H 7 27 47 17 37 9 29 49 19 39 11 31 51 21 41 8 28 48 0 18 38 10 30 50 1 20 40 255 275 245 265 285 257 277 247 267 287 259 279 249 269 289 256 246 248 258 266 276 268 278 286 295 296 288 65 66 67 70 71 90 92 94 96 98 100 102 104 124 126 128 130 132 134 136 138 158 160 162 164 166 168 170 172 192 194 196 198 200 202 204 206 229 230 231 225 226 89 91 93 95 97 99 101 103 105 123 125 127 129 131 133 135 137 139 157 159 161 163 165 167 169 171 173 191 193 195 197 199 201 203 205 207 227 228 57 58 68 69 60 62 64 59 61 63 232 234 236
TICK
M 7 27 47 17 37 9 29 49 19 39 11 31 51 21 41 8 28 48 0 18 38 10 30 50 1 20 40 255 275 245 265 285 257 277 247 267 287 259 279 249 269 289 256 246 248 258 266 276 268 278 286 295 296 288 65 66 67 70 71 90 92 94 96 98 100 102 104 124 126 128 130 132 134 136 138 158 160 162 164 166 168 170 172 192 194 196 198 200 202 204 206 229 230 231 225 226 89 91 93 95 97 99 101 103 105 123 125 127 129 131 133 135 137 139 157 159 161 163 165 167 169 171 173 191 193 195 197 199 201 203 205 207 227 228 238 239 57 58 68 69 60 62 64 59 61 63 232 234 236 233 235 237
TICK
R 7 27 47 17 37 9 29 49 19 39 11 31 51 21 41 8 28 48 0 18 38 10 30 50 1 20 40 255 275 245 265 285 257 277 247 267 287 259 279 249 269 289 256 246 248 258 266 276 268 278 286 295 296 288 65 66 67 70 71 90 92 94 96 98 100 102 104 124 126 128 130 132 134 136 138 158 160 162 164 166 168 170 172 192 194 196 198 200 202 204 206 229 230 231 225 226 89 91 93 95 97 99 101 103 105 123 125 127 129 131 133 135 137 139 157 159 161 163 165 167 169 171 173 191 193 195 197 199 201 203 205 207 227 228 238 239 57 58 68 69 60 62 64 59 61 63 232 234 236 233 235 237
TICK
H 7 27 47 17 37 9 29 49 19 39 11 31 51 21 41 8 28 48 0 18 38 10 30 50 1 20 40 255 275 245 265 285 257 277 247 267 287 259 279 249 269 289 256 246 248 258 266 276 268 278 286 295 296 288 65 66 67 70 71 90 92 94 96 98 100 102 104 124 126 128 130 132 134 136 138 158 160 162 164 166 168 170 172 192 194 196 198 200 202 204 206 229 230 231 225 226 89 91 93 95 97 99 101 103 105 123 125 127 129 131 133 135 137 139 157 159 161 163 165 167 169 171 173 191 193 195 197 199 201 203 205 207 227 228 238 239 57 58 59 61 63 232 234 236 233 235 237
TICK
CX 7 12 27 32 47 52 17 23 37 43 9 14 29 34 49 54 19 25 39 45 11 16 31 36 51 56 255 260 275 280 245 251 265 271 285 291 257 262 277 282 247 253 267 273 287 293 259 264 279 284 90 74 92 76 94 78 96 80 98 82 100 84 102 86 104 88 124 107 126 109 128 111 130 113 132 115 134 117 136 119 138 121 158 142 160 144 162 146 164 148 166 150 168 152 170 154 172 156 192 175 194 177 196 179 198 181 200 183 202 185 204 187 206 189 229 220 230 222 231 224 225 210 226 212 57 68 58 69 59 60 61 62 63 64 233 214 235 216 237 218
CZ 8 13 28 33 48 53 0 4 18 24 38 44 10 15 30 35 50 55 1 6 20 26 40 46 256 261 246 252 248 254 258 263 266 272 276 281 268 274 278 283 286 292 288 294 89 73 91 75 93 77 95 79 97 81 99 83 101 85 103 87 123 106 125 108 127 110 129 112 131 114 133 116 135 118 137 120 139 122 157 141 159 143 161 145 163 147 165 149 167 151 169 153 171 155 191 174 193 176 195 178 197 180 199 182 201 184 203 186 205 188 207 190 227 215 228 217 238 241 239 243
TICK
CX 233 240 235 242 237 244
TICK
CX 7 2 27 22 47 42 17 13 37 33 9 4 29 24 49 44 19 15 39 35 11 6 31 26 51 46 255 250 275 270 245 241 265 261 285 281 257 252 277 272 247 243 267 263 287 283 259 254 279 274 90 73 92 75 94 77 96 79 98 81 100 83 102 85 104 87 124 106 126 108 128 110 130 112 132 114 134 116 136 118 138 120 158 141 160 143 162 145 164 147 166 149 168 151 170 153 172 155 192 174 194 176 196 178 198 180 200 182 202 184 204 186 206 188 229 219 230 221 231 223 225 209 226 211 60 53 62 55 232 213 234 215 236 217
CZ 8 12 28 32 48 52 0 3 18 23 38 43 10 14 30 34 50 54 1 5 20 25 40 45 256 260 246 251 248 253 258 262 266 271 276 280 268 273 278 282 286 291 288 293 89 107 91 109 93 111 95 113 97 115 99 117 101 119 103 121 123 140 125 142 127 144 129 146 131 148 133 150 135 152 137 154 139 156 157 175 159 177 161 179 163 181 165 183 167 185 169 187 171 189 191 208 193 210 195 212 197 214 199 216 201 218 203 220 205 222 207 224 238 240 239 242 68 80 69 82
TICK
CX 17 22 37 42 9 13 29 33 49 53 19 24 39 44 11 15 31 35 51 55 21 26 41 46 245 250 265 270 285 290 257 261 277 281 247 252 267 272 287 292 259 263 279 283 249 254 269 274 289 294 65 73 66 75 67 77 70 85 71 87 90 108 92 110 94 112 96 114 98 116 100 118 102 120 104 122 124 141 126 143 128 145 130 147 132 149 134 151 136 153 138 155 158 176 160 178 162 180 164 182 166 184 168 186 170 188 172 190 192 209 194 211 196 213 198 215 200 217 202 219 204 221 206 223 60 79 62 81 64 83 234 241 236 243
CZ 8 3 28 23 48 43 18 14 38 34 10 5 30 25 50 45 20 16 40 36 256 251 246 242 248 244 258 253 266 262 276 271 268 264 278 273 286 282 295 291 296 293 288 284 89 72 91 74 93 76 95 78 97 80 99 82 101 84 103 86 105 88 125 107 127 109 129 111 131 113 133 115 135 117 137 119 139 121 157 140 159 142 161 144 163 146 165 148 167 150 169 152 171 154 173 156 193 175 195 177 197 179 199 181 201 183 203 185 205 187 207 189 227 214 228 216 57 54 58 56
TICK
CX 17 12 37 32 9 3 29 23 49 43 19 14 39 34 11 5 31 25 51 45 21 16 41 36 245 240 265 260 285 280 257 251 277 271 247 242 267 262 287 282 259 253 279 273 249 244 269 264 289 284 65 72 66 74 67 76 70 84 71 86 90 107 92 109 94 111 96 113 98 115 100 117 102 119 104 121 124 140 126 142 128 144 130 146 132 148 134 150 136 152 138 154 158 175 160 177 162 179 164 181 166 183 168 185 170 187 172 189 192 208 194 210 196 212 198 214 200 216 202 218 204 220 206 222 227 238 228 239 59 52 61 54 63 56 232 233 234 235 236 237
CZ 8 2 28 22 48 42 18 13 38 33 10 4 30 24 50 44 20 15 40 35 256 250 246 241 248 243 258 252 266 261 276 270 268 263 278 272 286 281 295 290 296 292 288 283 89 106 91 108 93 110 95 112 97 114 99 116 101 118 103 120 105 122 125 141 127 143 129 145 131 147 133 149 135 151 137 153 139 155 157 174 159 176 161 178 163 180 165 182 167 184 169 186 171 188 173 190 193 209 195 211 197 213 199 215 201 217 203 219 205 221 207 223 57 53 58 55 68 79 69 81
TICK
CX 59 78 61 80 63 82
TICK
H 7 27 47 17 37 9 29 49 19 39 11 31 51 21 41 8 28 48 0 18 38 10 30 50 1 20 40 255 275 245 265 285 257 277 247 267 287 259 279 249 269 289 256 246 248 258 266 276 268 278 286 295 296 288 65 66 67 70 71 90 92 94 96 98 100 102 104 124 126 128 130 132 134 136 138 158 160 162 164 166 168 170 172 192 194 196 198 200 202 204 206 229 230 231 225 226 89 91 93 95 97 99 101 103 105 123 125 127 129 131 133 135 137 139 157 159 161 163 165 167 169 171 173 191 193 195 197 199 201 203 205 207 227 228 57 58 68 69 59 61 63 60 62 64 232 234 236
TICK
M 7 27 47 17 37 9 29 49 19 39 11 31 51 21 41 8 28 48 0 18 38 10 30 50 1 20 40 255 275 245 265 285 257 277 247 267 287 259 279 249 269 289 256 246 248 258 266 276 268 278 286 295 296 288 65 66 67 70 71 90 92 94 96 98 100 102 104 124 126 128 130 132 134 136 138 158 160 162 164 166 168 170 172 192 194 196 198 200 202 204 206 229 230 231 225 226 89 91 93 95 97 99 101 103 105 123 125 127 129 131 133 135 137 139 157 159 161 163 165 167 169 171 173 191 193 195 197 199 201 203 205 207 227 228 238 239 57 58 68 69 59 61 63 60 62 64 232 234 236 233 235 237
TICK
M 2 3 4 5 6 12 13 14 15 16 22 23 24 25 26 32 33 34 35 36 42 43 44 45 46 52 53 54 55 56 72 73 74 75 76 77 78 79 80 81 82 83 84 85 86 87 88 106 107 108 109 110 111 112 113 114 115 116 117 118 119 120 121 122 140 141 142 143 144 145 146 147 148 149 150 151 152 153 154 155 156 174 175 176 177 178 179 180 181 182 183 184 185 186 187 188 189 190 208 209 210 211 212 213 214 215 216 217 218 219 220 221 222 223 224 240 241 242 243 244 250 251 252 253 254 260 261 262 263 264 270 271 272 273 274 280 281 282 283 284 290 291 292 293 294
OBSERVABLE_INCLUDE(0) rec[-73] rec[-74] rec[-75] rec[-76] rec[-77] rec[-78] rec[-79] rec[-80] rec[-81] rec[-90] rec[-107] rec[-118] rec[-123] rec[-128] rec[-133] rec[-138] rec[-143]
OBSERVABLE_INCLUDE(1) rec[-65] rec[-66] rec[-67] rec[-68] rec[-69] rec[-70] rec[-71] rec[-72] rec[-73] rec[-74] rec[-75] rec[-76] rec[-77] rec[-78] rec[-79] rec[-80] rec[-81]
OBSERVABLE_INCLUDE(2) rec[-3] rec[-8] rec[-13] rec[-18] rec[-23] rec[-28] rec[-39] rec[-56] rec[-65] rec[-66] rec[-67] rec[-68] rec[-69] rec[-70] rec[-71] rec[-72] rec[-73]
