QUBIT_COORDS(0.5, 1.5) 0
QUBIT_COORDS(0.5, 3.5) 1
QUBIT_COORDS(0.5, 5.5) 2
QUBIT_COORDS(0.5, 7.5) 3
QUBIT_COORDS(0.5, 9.5) 4
QUBIT_COORDS(1, 1) 5
QUBIT_COORDS(1, 2) 6
QUBIT_COORDS(1, 3) 7
QUBIT_COORDS(1, 4) 8
QUBIT_COORDS(1, 5) 9
QUBIT_COORDS(1, 6) 10
QUBIT_COORDS(1, 7) 11
QUBIT_COORDS(1, 8) 12
QUBIT_COORDS(1, 9) 13
QUBIT_COORDS(1, 10) 14
QUBIT_COORDS(1.5, 0.5) 15
QUBIT_COORDS(1.5, 1.5) 16
QUBIT_COORDS(1.5, 2.5) 17
QUBIT_COORDS(1.5, 3.5) 18
QUBIT_COORDS(1.5, 4.5) 19
QUBIT_COORDS(1.5, 5.5) 20
QUBIT_COORDS(1.5, 6.5) 21
QUBIT_COORDS(1.5, 7.5) 22
QUBIT_COORDS(1.5, 8.5) 23
QUBIT_COORDS(1.5, 9.5) 24
QUBIT_COORDS(2, 1) 25
QUBIT_COORDS(2, 2) 26
QUBIT_COORDS(2, 3) 27
QUBIT_COORDS(2, 4) 28
QUBIT_COORDS(2, 5) 29
QUBIT_COORDS(2, 6) 30
QUBIT_COORDS(2, 7) 31
QUBIT_COORDS(2, 8) 32
QUBIT_COORDS(2, 9) 33
QUBIT_COORDS(2, 10) 34
QUBIT_COORDS(2.5, 1.5) 35
QUBIT_COORDS(2.5, 2.5) 36
QUBIT_COORDS(2.5, 3.5) 37
QUBIT_COORDS(2.5, 4.5) 38
QUBIT_COORDS(2.5, 5.5) 39
QUBIT_COORDS(2.5, 6.5) 40
QUBIT_COORDS(2.5, 7.5) 41
QUBIT_COORDS(2.5, 8.5) 42
QUBIT_COORDS(2.5, 9.5) 43
QUBIT_COORDS(2.5, 10.5) 44
QUBIT_COORDS(3, 1) 45
QUBIT_COORDS(3, 2) 46
QUBIT_COORDS(3, 3) 47
QUBIT_COORDS(3, 4) 48
QUBIT_COORDS(3, 5) 49
QUBIT_COORDS(3, 6) 50
QUBIT_COORDS(3, 7) 51
QUBIT_COORDS(3, 8) 52
QUBIT_COORDS(3, 9) 53
QUBIT_COORDS(3, 10) 54
QUBIT_COORDS(3.5, 0.5) 55
QUBIT_COORDS(3.5, 1.5) 56
QUBIT_COORDS(3.5, 2.5) 57
QUBIT_COORDS(3.5, 3.5) 58
QUBIT_COORDS(3.5, 4.5) 59
QUBIT_COORDS(3.5, 5.5) 60
QUBIT_COORDS(3.5, 6.5) 61
QUBIT_COORDS(3.5, 7.5) 62
QUBIT_COORDS(3.5, 8.5) 63
QUBIT_COORDS(3.5, 9.5) 64
QUBIT_COORDS(4, 1) 65
QUBIT_COORDS(4, 2) 66
QUBIT_COORDS(4, 3) 67
QUBIT_COORDS(4, 4) 68
QUBIT_COORDS(4, 5) 69
QUBIT_COORDS(4, 6) 70
QUBIT_COORDS(4, 7) 71
QUBIT_COORDS(4, 8) 72
QUBIT_COORDS(4, 9) 73
QUBIT_COORDS(4, 10) 74
QUBIT_COORDS(4.5, 2.5) 75
QUBIT_COORDS(4.5, 4.5) 76
QUBIT_COORDS(4.5, 5.5) 77
QUBIT_COORDS(4.5, 6.5) 78
QUBIT_COORDS(4.5, 7.5) 79
QUBIT_COORDS(4.5, 8.5) 80
QUBIT_COORDS(4.5, 9.5) 81
QUBIT_COORDS(4.5, 10.5) 82
QUBIT_COORDS(5, 1) 83
QUBIT_COORDS(5, 2) 84
QUBIT_COORDS(5, 3) 85
QUBIT_COORDS(5, 4) 86
QUBIT_COORDS(5, 6) 87
QUBIT_COORDS(5, 7) 88
QUBIT_COORDS(5, 8) 89
QUBIT_COORDS(5, 9) 90
QUBIT_COORDS(5, 10) 91
QUBIT_COORDS(5.5, 2.5) 92
QUBIT_COORDS(5.5, 4.5) 93
QUBIT_COORDS(5.5, 5.5) 94
QUBIT_COORDS(5.5, 6.5) 95
QUBIT_COORDS(5.5, 8.5) 96
QUBIT_COORDS(6, 1) 97
QUBIT_COORDS(6, 2) 98
QUBIT_COORDS(6, 3) 99
QUBIT_COORDS(6, 4) 100
QUBIT_COORDS(6, 5) 101
QUBIT_COORDS(6.5, 0.5) 102
QUBIT_COORDS(6.5, 1.5) 103
QUBIT_COORDS(6.5, 2.5) 104
QUBIT_COORDS(6.5, 3.5) 105
QUBIT_COORDS(6.5, 4.5) 106
QUBIT_COORDS(7, 1) 107
QUBIT_COORDS(7, 2) 108
QUBIT_COORDS(7, 3) 109
QUBIT_COORDS(7, 4) 110
QUBIT_COORDS(7, 5) 111
QUBIT_COORDS(7.5, 1.5) 112
QUBIT_COORDS(7.5, 2.5) 113
QUBIT_COORDS(7.5, 3.5) 114
QUBIT_COORDS(7.5, 4.5) 115
QUBIT_COORDS(7.5, 5.5) 116
QUBIT_COORDS(8, 1) 117
QUBIT_COORDS(8, 2) 118
QUBIT_COORDS(8, 3) 119
QUBIT_COORDS(8, 4) 120
QUBIT_COORDS(8, 5) 121
QUBIT_COORDS(8.5, 0.5) 122
QUBIT_COORDS(8.5, 1.5) 123
QUBIT_COORDS(8.5, 2.5) 124
QUBIT_COORDS(8.5, 3.5) 125
QUBIT_COORDS(8.5, 4.5) 126
QUBIT_COORDS(9, 1) 127
QUBIT_COORDS(9, 2) 128
QUBIT_COORDS(9, 3) 129
QUBIT_COORDS(9, 4) 130
QUBIT_COORDS(9, 5) 131
QUBIT_COORDS(9.5, 1.5) 132
QUBIT_COORDS(9.5, 2.5) 133
QUBIT_COORDS(9.5, 3.5) 134
QUBIT_COORDS(9.5, 4.5) 135
QUBIT_COORDS(9.5, 5.5) 136
QUBIT_COORDS(10, 1) 137
QUBIT_COORDS(10, 2) 138
QUBIT_COORDS(10, 3) 139
QUBIT_COORDS(10, 4) 140
QUBIT_COORDS(10, 5) 141
QUBIT_COORDS(10.5, 0.5) 142
QUBIT_COORDS(10.5, 1.5) 143
QUBIT_COORDS(10.5, 2.5) 144
QUBIT_COORDS(10.5, 3.5) 145
QUBIT_COORDS(10.5, 4.5) 146
QUBIT_COORDS(11, 1) 147
QUBIT_COORDS(11, 2) 148
QUBIT_COORDS(11, 3) 149
QUBIT_COORDS(11, 4) 150
QUBIT_COORDS(11, 5) 151
QUBIT_COORDS(11.5, 2.5) 152
QUBIT_COORDS(11.5, 4.5) 153
QUBIT_COORDS(12, 1) 154
QUBIT_COORDS(12, 2) 155
QUBIT_COORDS(12, 3) 156
QUBIT_COORDS(12, 4) 157
QUBIT_COORDS(12, 5) 158
QUBIT_COORDS(12, 6) 159
QUBIT_COORDS(12.5, 2.5) 160
QUBIT_COORDS(12.5, 4.5) 161
QUBIT_COORDS(12.5, 7.5) 162
QUBIT_COORDS(12.5, 9.5) 163
QUBIT_COORDS(13, 1) 164
QUBIT_COORDS(13, 2) 165
QUBIT_COORDS(13, 3) 166
QUBIT_COORDS(13, 4) 167
QUBIT_COORDS(13, 5) 168
QUBIT_COORDS(13, 6) 169
QUBIT_COORDS(13, 7) 170
QUBIT_COORDS(13, 8) 171
QUBIT_COORDS(13, 9) 172
QUBIT_COORDS(13, 10) 173
QUBIT_COORDS(13.5, 0.5) 174
QUBIT_COORDS(13.5, 1.5) 175
QUBIT_COORDS(13.5, 2.5) 176
QUBIT_COORDS(13.5, 3.5) 177
QUBIT_COORDS(13.5, 4.5) 178
QUBIT_COORDS(13.5, 5.5) 179
QUBIT_COORDS(13.5, 6.5) 180
QUBIT_COORDS(13.5, 7.5) 181
QUBIT_COORDS(13.5, 8.5) 182
QUBIT_COORDS(13.5, 9.5) 183
QUBIT_COORDS(14, 1) 184
QUBIT_COORDS(14, 2) 185
QUBIT_COORDS(14, 3) 186
QUBIT_COORDS(14, 4) 187
QUBIT_COORDS(14, 5) 188
QUBIT_COORDS(14, 6) 189
QUBIT_COORDS(14, 7) 190
QUBIT_COORDS(14, 8) 191
QUBIT_COORDS(14, 9) 192
QUBIT_COORDS(14, 10) 193
QUBIT_COORDS(14.5, 1.5) 194
QUBIT_COORDS(14.5, 2.5) 195
QUBIT_COORDS(14.5, 3.5) 196
QUBIT_COORDS(14.5, 4.5) 197
QUBIT_COORDS(14.5, 5.5) 198
QUBIT_COORDS(14.5, 6.5) 199
QUBIT_COORDS(14.5, 7.5) 200
QUBIT_COORDS(14.5, 8.5) 201
QUBIT_COORDS(14.5, 9.5) 202
QUBIT_COORDS(14.5, 10.5) 203
QUBIT_COORDS(15, 1) 204
QUBIT_COORDS(15, 2) 205
QUBIT_COORDS(15, 3) 206
QUBIT_COORDS(15, 4) 207
QUBIT_COORDS(15, 5) 208
QUBIT_COORDS(15, 6) 209
QUBIT_COORDS(15, 7) 210
QUBIT_COORDS(15, 8) 211
QUBIT_COORDS(15, 9) 212
QUBIT_COORDS(15, 10) 213
QUBIT_COORDS(15.5, 0.5) 214
QUBIT_COORDS(15.5, 1.5) 215
QUBIT_COORDS(15.5, 2.5) 216
QUBIT_COORDS(15.5, 3.5) 217
QUBIT_COORDS(15.5, 4.5) 218
QUBIT_COORDS(15.5, 5.5) 219
QUBIT_COORDS(15.5, 6.5) 220
QUBIT_COORDS(15.5, 7.5) 221
QUBIT_COORDS(15.5, 8.5) 222
QUBIT_COORDS(15.5, 9.5) 223
QUBIT_COORDS(16, 1) 224
QUBIT_COORDS(16, 2) 225
QUBIT_COORDS(16, 3) 226
QUBIT_COORDS(16, 4) 227
QUBIT_COORDS(16, 5) 228
QUBIT_COORDS(16, 6) 229
QUBIT_COORDS(16, 7) 230
QUBIT_COORDS(16, 8) 231
QUBIT_COORDS(16, 9) 232
QUBIT_COORDS(16, 10) 233
QUBIT_COORDS(16.5, 1.5) 234
QUBIT_COORDS(16.5, 2.5) 235
QUBIT_COORDS(16.5, 3.5) 236
QUBIT_COORDS(16.5, 4.5) 237
QUBIT_COORDS(16.5, 5.5) 238
QUBIT_COORDS(16.5, 6.5) 239
QUBIT_COORDS(16.5, 7.5) 240
QUBIT_COORDS(16.5, 8.5) 241
QUBIT_COORDS(16.5, 9.5) 242
QUBIT_COORDS(16.5, 10.5) 243
QUBIT_COORDS(17, 2) 244
QUBIT_COORDS(17, 3) 245
QUBIT_COORDS(17, 4) 246
QUBIT_COORDS(17, 5) 247
QUBIT_COORDS(17, 6) 248
QUBIT_COORDS(17, 7) 249
QUBIT_COORDS(17, 8) 250
QUBIT_COORDS(17, 9) 251
QUBIT_COORDS(17, 10) 252
QUBIT_COORDS(17.5, 2.5) 253
QUBIT_COORDS(17.5, 4.5) 254
QUBIT_COORDS(17.5, 6.5) 255
QUBIT_COORDS(17.5, 8.5) 256
#!pragma POLYGON(0,0,1,0.25) 30 50 51 31
#!pragma POLYGON(0,0,1,0.25) 11 31 32 12
#!pragma POLYGON(0,0,1,0.25) 70 87 88 71
#!pragma POLYGON(0,0,1,0.25) 51 71 72 52
#!pragma POLYGON(0,0,1,0.25) 72 89 90 73
#!pragma POLYGON(0,0,1,0.25) 53 73 74 54
#!pragma POLYGON(0,0,1,0.25) 32 52 53 33
#!pragma POLYGON(0,0,1,0.25) 13 33 34 14
#!pragma POLYGON(0,0,1,0.25) 54 34
#!pragma POLYGON(0,0,1,0.25) 91 74
#!pragma POLYGON(0,0,1,0.25) 189 209 210 190
#!pragma POLYGON(0,0,1,0.25) 170 190 191 171
#!pragma POLYGON(0,0,1,0.25) 229 248 249 230
#!pragma POLYGON(0,0,1,0.25) 210 230 231 211
#!pragma POLYGON(0,0,1,0.25) 231 250 251 232
#!pragma POLYGON(0,0,1,0.25) 212 232 233 213
#!pragma POLYGON(0,0,1,0.25) 191 211 212 192
#!pragma POLYGON(0,0,1,0.25) 172 192 193 173
#!pragma POLYGON(0,0,1,0.25) 213 193
#!pragma POLYGON(0,0,1,0.25) 252 233
#!pragma POLYGON(0,0,1,0.25) 30 10
#!pragma POLYGON(0,0,1,0.25) 70 50
#!pragma POLYGON(0,0,1,0.25) 189 169
#!pragma POLYGON(0,0,1,0.25) 229 209
#!pragma POLYGON(1,0,0,0.25) 10 30 31 11
#!pragma POLYGON(1,0,0,0.25) 31 51 52 32
#!pragma POLYGON(1,0,0,0.25) 50 70 71 51
#!pragma POLYGON(1,0,0,0.25) 71 88 89 72
#!pragma POLYGON(1,0,0,0.25) 52 72 73 53
#!pragma POLYGON(1,0,0,0.25) 73 90 91 74
#!pragma POLYGON(1,0,0,0.25) 12 32 33 13
#!pragma POLYGON(1,0,0,0.25) 33 53 54 34
#!pragma POLYGON(1,0,0,0.25) 89 90
#!pragma POLYGON(1,0,0,0.25) 87 88
#!pragma POLYGON(1,0,0,0.25) 13 14
#!pragma POLYGON(1,0,0,0.25) 11 12
#!pragma POLYGON(1,0,0,0.25) 169 189 190 170
#!pragma POLYGON(1,0,0,0.25) 190 210 211 191
#!pragma POLYGON(1,0,0,0.25) 209 229 230 210
#!pragma POLYGON(1,0,0,0.25) 230 249 250 231
#!pragma POLYGON(1,0,0,0.25) 211 231 232 212
#!pragma POLYGON(1,0,0,0.25) 232 251 252 233
#!pragma POLYGON(1,0,0,0.25) 171 191 192 172
#!pragma POLYGON(1,0,0,0.25) 192 212 213 193
#!pragma POLYGON(1,0,0,0.25) 248 249
#!pragma POLYGON(1,0,0,0.25) 250 251
#!pragma POLYGON(1,0,0,0.25) 172 173
#!pragma POLYGON(1,0,0,0.25) 170 171
TICK
R 10 11 12 13 14 30 31 32 33 34 50 51 52 53 54 70 71 72 73 74 87 88 89 90 91 169 170 171 172 173 189 190 191 192 193 209 210 211 212 213 229 230 231 232 233 248 249 250 251 252
TICK
R 3 4 21 23 41 43 61 63 79 81 95 96 162 163 180 182 200 202 220 222 240 242 255 256 20 22 24 40 42 44 60 62 64 78 80 82 179 181 183 199 201 203 219 221 223 239 241 243
TICK
H 3 4 21 23 41 43 61 63 79 81 95 96 162 163 180 182 200 202 220 222 240 242 255 256 20 22 24 40 42 44 60 62 64 78 80 82 179 181 183 199 201 203 219 221 223 239 241 243
TICK
CX 3 12 4 14 21 31 23 33 41 52 43 54 61 71 63 73 79 89 81 91 162 171 163 173 180 190 182 192 200 211 202 213 220 230 222 232 240 250 242 252
CZ 20 30 22 32 24 34 40 51 42 53 60 70 62 72 64 74 78 88 80 90 179 189 181 191 183 193 199 210 201 212 219 229 221 231 223 233 239 249 241 251
TICK
CX 3 11 4 13 21 30 23 32 41 51 43 53 61 70 63 72 79 88 81 90 162 170 163 172 180 189 182 191 200 210 202 212 220 229 222 231 240 249 242 251
CZ 20 10 22 12 24 14 40 31 42 33 60 50 62 52 64 54 78 71 80 73 179 169 181 171 183 173 199 190 201 192 219 209 221 211 223 213 239 230 241 232
TICK
CX 21 11 23 13 41 32 43 34 61 51 63 53 79 72 81 74 95 88 96 90 180 170 182 172 200 191 202 193 220 210 222 212 240 231 242 233 255 249 256 251
CZ 22 31 24 33 40 50 42 52 44 54 62 71 64 73 78 87 80 89 82 91 181 190 183 192 199 209 201 211 203 213 221 230 223 232 239 248 241 250 243 252
TICK
CX 21 10 23 12 41 31 43 33 61 50 63 52 79 71 81 73 95 87 96 89 180 169 182 171 200 190 202 192 220 209 222 211 240 230 242 232 255 248 256 250
CZ 22 11 24 13 40 30 42 32 44 34 62 51 64 53 78 70 80 72 82 74 181 170 183 172 199 189 201 191 203 193 221 210 223 212 239 229 241 231 243 233
TICK
H 3 4 21 23 41 43 61 63 79 81 95 96 162 163 180 182 200 202 220 222 240 242 255 256 20 22 24 40 42 44 60 62 64 78 80 82 179 181 183 199 201 203 219 221 223 239 241 243
TICK
M 3 4 21 23 41 43 61 63 79 81 95 96 162 163 180 182 200 202 220 222 240 242 255 256 20 22 24 40 42 44 60 62 64 78 80 82 179 181 183 199 201 203 219 221 223 239 241 243
TICK
R 3 4 21 23 41 43 61 63 79 81 95 96 162 163 180 182 200 202 220 222 240 242 255 256 20 22 24 40 42 44 60 62 64 78 80 82 179 181 183 199 201 203 219 221 223 239 241 243
TICK
H 3 4 21 23 41 43 61 63 79 81 95 96 162 163 180 182 200 202 220 222 240 242 255 256 20 22 24 40 42 44 60 62 64 78 80 82 179 181 183 199 201 203 219 221 223 239 241 243
TICK
CX 3 11 4 13 21 30 23 32 41 51 43 53 61 70 63 72 79 88 81 90 162 170 163 172 180 189 182 191 200 210 202 212 220 229 222 231 240 249 242 251
CZ 22 31 24 33 40 50 42 52 44 54 62 71 64 73 78 87 80 89 82 91 181 190 183 192 199 209 201 211 203 213 221 230 223 232 239 248 241 250 243 252
TICK
CX 3 12 4 14 21 31 23 33 41 52 43 54 61 71 63 73 79 89 81 91 162 171 163 173 180 190 182 192 200 211 202 213 220 230 222 232 240 250 242 252
CZ 22 11 24 13 40 30 42 32 44 34 62 51 64 53 78 70 80 72 82 74 181 170 183 172 199 189 201 191 203 193 221 210 223 212 239 229 241 231 243 233
TICK
CX 21 10 23 12 41 31 43 33 61 50 63 52 79 71 81 73 95 87 96 89 180 169 182 171 200 190 202 192 220 209 222 211 240 230 242 232 255 248 256 250
CZ 20 30 22 32 24 34 40 51 42 53 60 70 62 72 64 74 78 88 80 90 179 189 181 191 183 193 199 210 201 212 219 229 221 231 223 233 239 249 241 251
TICK
CX 21 11 23 13 41 32 43 34 61 51 63 53 79 72 81 74 95 88 96 90 180 170 182 172 200 191 202 193 220 210 222 212 240 231 242 233 255 249 256 251
CZ 20 10 22 12 24 14 40 31 42 33 60 50 62 52 64 54 78 71 80 73 179 169 181 171 183 173 199 190 201 192 219 209 221 211 223 213 239 230 241 232
TICK
H 3 4 21 23 41 43 61 63 79 81 95 96 162 163 180 182 200 202 220 222 240 242 255 256 20 22 24 40 42 44 60 62 64 78 80 82 179 181 183 199 201 203 219 221 223 239 241 243
TICK
M 3 4 21 23 41 43 61 63 79 81 95 96 162 163 180 182 200 202 220 222 240 242 255 256 20 22 24 40 42 44 60 62 64 78 80 82 179 181 183 199 201 203 219 221 223 239 241 243
TICK
R 3 4 21 23 41 43 61 63 79 81 95 96 162 163 180 182 200 202 220 222 240 242 255 256 20 22 24 40 42 44 60 62 64 78 80 82 179 181 183 199 201 203 219 221 223 239 241 243
TICK
H 3 4 21 23 41 43 61 63 79 81 95 96 162 163 180 182 200 202 220 222 240 242 255 256 20 22 24 40 42 44 60 62 64 78 80 82 179 181 183 199 201 203 219 221 223 239 241 243
TICK
CX 3 12 4 14 21 31 23 33 41 52 43 54 61 71 63 73 79 89 81 91 162 171 163 173 180 190 182 192 200 211 202 213 220 230 222 232 240 250 242 252
CZ 20 30 22 32 24 34 40 51 42 53 60 70 62 72 64 74 78 88 80 90 179 189 181 191 183 193 199 210 201 212 219 229 221 231 223 233 239 249 241 251
TICK
CX 3 11 4 13 21 30 23 32 41 51 43 53 61 70 63 72 79 88 81 90 162 170 163 172 180 189 182 191 200 210 202 212 220 229 222 231 240 249 242 251
CZ 20 10 22 12 24 14 40 31 42 33 60 50 62 52 64 54 78 71 80 73 179 169 181 171 183 173 199 190 201 192 219 209 221 211 223 213 239 230 241 232
TICK
CX 21 11 23 13 41 32 43 34 61 51 63 53 79 72 81 74 95 88 96 90 180 170 182 172 200 191 202 193 220 210 222 212 240 231 242 233 255 249 256 251
CZ 22 31 24 33 40 50 42 52 44 54 62 71 64 73 78 87 80 89 82 91 181 190 183 192 199 209 201 211 203 213 221 230 223 232 239 248 241 250 243 252
TICK
CX 21 10 23 12 41 31 43 33 61 50 63 52 79 71 81 73 95 87 96 89 180 169 182 171 200 190 202 192 220 209 222 211 240 230 242 232 255 248 256 250
CZ 22 11 24 13 40 30 42 32 44 34 62 51 64 53 78 70 80 72 82 74 181 170 183 172 199 189 201 191 203 193 221 210 223 212 239 229 241 231 243 233
TICK
H 3 4 21 23 41 43 61 63 79 81 95 96 162 163 180 182 200 202 220 222 240 242 255 256 20 22 24 40 42 44 60 62 64 78 80 82 179 181 183 199 201 203 219 221 223 239 241 243
TICK
M 3 4 21 23 41 43 61 63 79 81 95 96 162 163 180 182 200 202 220 222 240 242 255 256 20 22 24 40 42 44 60 62 64 78 80 82 179 181 183 199 201 203 219 221 223 239 241 243
TICK
R 3 4 21 23 41 43 61 63 79 81 95 96 162 163 180 182 200 202 220 222 240 242 255 256 20 22 24 40 42 44 60 62 64 78 80 82 179 181 183 199 201 203 219 221 223 239 241 243
TICK
H 3 4 21 23 41 43 61 63 79 81 95 96 162 163 180 182 200 202 220 222 240 242 255 256 20 22 24 40 42 44 60 62 64 78 80 82 179 181 183 199 201 203 219 221 223 239 241 243
TICK
CX 3 11 4 13 21 30 23 32 41 51 43 53 61 70 63 72 79 88 81 90 162 170 163 172 180 189 182 191 200 210 202 212 220 229 222 231 240 249 242 251
CZ 22 31 24 33 40 50 42 52 44 54 62 71 64 73 78 87 80 89 82 91 181 190 183 192 199 209 201 211 203 213 221 230 223 232 239 248 241 250 243 252
TICK
CX 3 12 4 14 21 31 23 33 41 52 43 54 61 71 63 73 79 89 81 91 162 171 163 173 180 190 182 192 200 211 202 213 220 230 222 232 240 250 242 252
CZ 22 11 24 13 40 30 42 32 44 34 62 51 64 53 78 70 80 72 82 74 181 170 183 172 199 189 201 191 203 193 221 210 223 212 239 229 241 231 243 233
TICK
CX 21 10 23 12 41 31 43 33 61 50 63 52 79 71 81 73 95 87 96 89 180 169 182 171 200 190 202 192 220 209 222 211 240 230 242 232 255 248 256 250
CZ 20 30 22 32 24 34 40 51 42 53 60 70 62 72 64 74 78 88 80 90 179 189 181 191 183 193 199 210 201 212 219 229 221 231 223 233 239 249 241 251
TICK
CX 21 11 23 13 41 32 43 34 61 51 63 53 79 72 81 74 95 88 96 90 180 170 182 172 200 191 202 193 220 210 222 212 240 231 242 233 255 249 256 251
CZ 20 10 22 12 24 14 40 31 42 33 60 50 62 52 64 54 78 71 80 73 179 169 181 171 183 173 199 190 201 192 219 209 221 211 223 213 239 230 241 232
TICK
H 3 4 21 23 41 43 61 63 79 81 95 96 162 163 180 182 200 202 220 222 240 242 255 256 20 22 24 40 42 44 60 62 64 78 80 82 179 181 183 199 201 203 219 221 223 239 241 243
TICK
M 3 4 21 23 41 43 61 63 79 81 95 96 162 163 180 182 200 202 220 222 240 242 255 256 20 22 24 40 42 44 60 62 64 78 80 82 179 181 183 199 201 203 219 221 223 239 241 243
TICK
R 3 4 21 23 41 43 61 63 79 81 95 96 162 163 180 182 200 202 220 222 240 242 255 256 20 22 24 40 42 44 60 62 64 78 80 82 179 181 183 199 201 203 219 221 223 239 241 243
TICK
H 3 4 21 23 41 43 61 63 79 81 95 96 162 163 180 182 200 202 220 222 240 242 255 256 20 22 24 40 42 44 60 62 64 78 80 82 179 181 183 199 201 203 219 221 223 239 241 243
TICK
CX 3 12 4 14 21 31 23 33 41 52 43 54 61 71 63 73 79 89 81 91 162 171 163 173 180 190 182 192 200 211 202 213 220 230 222 232 240 250 242 252
CZ 20 30 22 32 24 34 40 51 42 53 60 70 62 72 64 74 78 88 80 90 179 189 181 191 183 193 199 210 201 212 219 229 221 231 223 233 239 249 241 251
TICK
CX 3 11 4 13 21 30 23 32 41 51 43 53 61 70 63 72 79 88 81 90 162 170 163 172 180 189 182 191 200 210 202 212 220 229 222 231 240 249 242 251
CZ 20 10 22 12 24 14 40 31 42 33 60 50 62 52 64 54 78 71 80 73 179 169 181 171 183 173 199 190 201 192 219 209 221 211 223 213 239 230 241 232
TICK
CX 21 11 23 13 41 32 43 34 61 51 63 53 79 72 81 74 95 88 96 90 180 170 182 172 200 191 202 193 220 210 222 212 240 231 242 233 255 249 256 251
CZ 22 31 24 33 40 50 42 52 44 54 62 71 64 73 78 87 80 89 82 91 181 190 183 192 199 209 201 211 203 213 221 230 223 232 239 248 241 250 243 252
TICK
CX 21 10 23 12 41 31 43 33 61 50 63 52 79 71 81 73 95 87 96 89 180 169 182 171 200 190 202 192 220 209 222 211 240 230 242 232 255 248 256 250
CZ 22 11 24 13 40 30 42 32 44 34 62 51 64 53 78 70 80 72 82 74 181 170 183 172 199 189 201 191 203 193 221 210 223 212 239 229 241 231 243 233
TICK
H 3 4 21 23 41 43 61 63 79 81 95 96 162 163 180 182 200 202 220 222 240 242 255 256 20 22 24 40 42 44 60 62 64 78 80 82 179 181 183 199 201 203 219 221 223 239 241 243
TICK
M 3 4 21 23 41 43 61 63 79 81 95 96 162 163 180 182 200 202 220 222 240 242 255 256 20 22 24 40 42 44 60 62 64 78 80 82 179 181 183 199 201 203 219 221 223 239 241 243
TICK
#!pragma POLYGON(0,0,1,0.25) 30 50 51 31
#!pragma POLYGON(0,0,1,0.25) 11 31 32 12
#!pragma POLYGON(0,0,1,0.25) 70 87 88 71
#!pragma POLYGON(0,0,1,0.25) 51 71 72 52
#!pragma POLYGON(0,0,1,0.25) 72 89 90 73
#!pragma POLYGON(0,0,1,0.25) 53 73 74 54
#!pragma POLYGON(0,0,1,0.25) 32 52 53 33
#!pragma POLYGON(0,0,1,0.25) 13 33 34 14
#!pragma POLYGON(0,0,1,0.25) 28 48 49 29
#!pragma POLYGON(0,0,1,0.25) 9 29 30 10
#!pragma POLYGON(0,0,1,0.25) 26 46 47 27
#!pragma POLYGON(0,0,1,0.25) 7 27 28 8
#!pragma POLYGON(0,0,1,0.25) 49 69 70 50
#!pragma POLYGON(0,0,1,0.25) 5 25 26 6
#!pragma POLYGON(0,0,1,0.25) 45 65 66 46
#!pragma POLYGON(0,0,1,0.25) 47 67 68 48
#!pragma POLYGON(0,0,1,0.25) 110 120 121 111
#!pragma POLYGON(0,0,1,0.25) 108 118 119 109
#!pragma POLYGON(0,0,1,0.25) 130 140 141 131
#!pragma POLYGON(0,0,1,0.25) 117 127 128 118
#!pragma POLYGON(0,0,1,0.25) 128 138 139 129
#!pragma POLYGON(0,0,1,0.25) 119 129 130 120
#!pragma POLYGON(0,0,1,0.25) 137 147 148 138
#!pragma POLYGON(0,0,1,0.25) 139 149 150 140
#!pragma POLYGON(0,0,1,0.25) 54 34
#!pragma POLYGON(0,0,1,0.25) 91 74
#!pragma POLYGON(0,0,1,0.25) 148 152 149
#!pragma POLYGON(0,0,1,0.25) 160 152
#!pragma POLYGON(0,0,1,0.25) 165 166 160
#!pragma POLYGON(0,0,1,0.25) 150 153 151
#!pragma POLYGON(0,0,1,0.25) 161 153
#!pragma POLYGON(0,0,1,0.25) 167 168 161
#!pragma POLYGON(0,0,1,0.25) 189 209 210 190
#!pragma POLYGON(0,0,1,0.25) 170 190 191 171
#!pragma POLYGON(0,0,1,0.25) 229 248 249 230
#!pragma POLYGON(0,0,1,0.25) 210 230 231 211
#!pragma POLYGON(0,0,1,0.25) 231 250 251 232
#!pragma POLYGON(0,0,1,0.25) 212 232 233 213
#!pragma POLYGON(0,0,1,0.25) 191 211 212 192
#!pragma POLYGON(0,0,1,0.25) 172 192 193 173
#!pragma POLYGON(0,0,1,0.25) 187 207 208 188
#!pragma POLYGON(0,0,1,0.25) 168 188 189 169
#!pragma POLYGON(0,0,1,0.25) 185 205 206 186
#!pragma POLYGON(0,0,1,0.25) 166 186 187 167
#!pragma POLYGON(0,0,1,0.25) 227 246 247 228
#!pragma POLYGON(0,0,1,0.25) 208 228 229 209
#!pragma POLYGON(0,0,1,0.25) 164 184 185 165
#!pragma POLYGON(0,0,1,0.25) 204 224 225 205
#!pragma POLYGON(0,0,1,0.25) 225 244 245 226
#!pragma POLYGON(0,0,1,0.25) 206 226 227 207
#!pragma POLYGON(0,0,1,0.25) 213 193
#!pragma POLYGON(0,0,1,0.25) 252 233
#!pragma POLYGON(0,0,1,0.25) 66 75 67
#!pragma POLYGON(0,0,1,0.25) 92 75
#!pragma POLYGON(0,0,1,0.25) 98 99 92
#!pragma POLYGON(0,0,1,0.25) 68 76 69
#!pragma POLYGON(0,0,1,0.25) 93 76
#!pragma POLYGON(0,0,1,0.25) 100 101 93
#!pragma POLYGON(0,0,1,0.25) 97 107 108 98
#!pragma POLYGON(0,0,1,0.25) 99 109 110 100
#!pragma POLYGON(1,0,0,0.25) 10 30 31 11
#!pragma POLYGON(1,0,0,0.25) 31 51 52 32
#!pragma POLYGON(1,0,0,0.25) 50 70 71 51
#!pragma POLYGON(1,0,0,0.25) 71 88 89 72
#!pragma POLYGON(1,0,0,0.25) 52 72 73 53
#!pragma POLYGON(1,0,0,0.25) 73 90 91 74
#!pragma POLYGON(1,0,0,0.25) 12 32 33 13
#!pragma POLYGON(1,0,0,0.25) 33 53 54 34
#!pragma POLYGON(1,0,0,0.25) 8 28 29 9
#!pragma POLYGON(1,0,0,0.25) 29 49 50 30
#!pragma POLYGON(1,0,0,0.25) 6 26 27 7
#!pragma POLYGON(1,0,0,0.25) 27 47 48 28
#!pragma POLYGON(1,0,0,0.25) 48 68 69 49
#!pragma POLYGON(1,0,0,0.25) 25 45 46 26
#!pragma POLYGON(1,0,0,0.25) 46 66 67 47
#!pragma POLYGON(1,0,0,0.25) 109 119 120 110
#!pragma POLYGON(1,0,0,0.25) 120 130 131 121
#!pragma POLYGON(1,0,0,0.25) 107 117 118 108
#!pragma POLYGON(1,0,0,0.25) 127 137 138 128
#!pragma POLYGON(1,0,0,0.25) 118 128 129 119
#!pragma POLYGON(1,0,0,0.25) 129 139 140 130
#!pragma POLYGON(1,0,0,0.25) 138 148 149 139
#!pragma POLYGON(1,0,0,0.25) 140 150 151 141
#!pragma POLYGON(1,0,0,0.25) 89 90
#!pragma POLYGON(1,0,0,0.25) 87 88
#!pragma POLYGON(1,0,0,0.25) 13 14
#!pragma POLYGON(1,0,0,0.25) 11 12
#!pragma POLYGON(1,0,0,0.25) 25 5
#!pragma POLYGON(1,0,0,0.25) 65 45
#!pragma POLYGON(1,0,0,0.25) 127 117
#!pragma POLYGON(1,0,0,0.25) 147 137
#!pragma POLYGON(1,0,0,0.25) 169 189 190 170
#!pragma POLYGON(1,0,0,0.25) 190 210 211 191
#!pragma POLYGON(1,0,0,0.25) 209 229 230 210
#!pragma POLYGON(1,0,0,0.25) 230 249 250 231
#!pragma POLYGON(1,0,0,0.25) 211 231 232 212
#!pragma POLYGON(1,0,0,0.25) 232 251 252 233
#!pragma POLYGON(1,0,0,0.25) 171 191 192 172
#!pragma POLYGON(1,0,0,0.25) 192 212 213 193
#!pragma POLYGON(1,0,0,0.25) 167 187 188 168
#!pragma POLYGON(1,0,0,0.25) 188 208 209 189
#!pragma POLYGON(1,0,0,0.25) 165 185 186 166
#!pragma POLYGON(1,0,0,0.25) 186 206 207 187
#!pragma POLYGON(1,0,0,0.25) 207 227 228 208
#!pragma POLYGON(1,0,0,0.25) 228 247 248 229
#!pragma POLYGON(1,0,0,0.25) 184 204 205 185
#!pragma POLYGON(1,0,0,0.25) 205 225 226 206
#!pragma POLYGON(1,0,0,0.25) 226 245 246 227
#!pragma POLYGON(1,0,0,0.25) 184 164
#!pragma POLYGON(1,0,0,0.25) 224 204
#!pragma POLYGON(1,0,0,0.25) 9 10
#!pragma POLYGON(1,0,0,0.25) 7 8
#!pragma POLYGON(1,0,0,0.25) 5 6
#!pragma POLYGON(1,0,0,0.25) 224 244 225
#!pragma POLYGON(1,0,0,0.25) 244 245
#!pragma POLYGON(1,0,0,0.25) 246 247
#!pragma POLYGON(1,0,0,0.25) 248 249
#!pragma POLYGON(1,0,0,0.25) 250 251
#!pragma POLYGON(1,0,0,0.25) 172 173
#!pragma POLYGON(1,0,0,0.25) 170 171
#!pragma POLYGON(1,0,0,0.25) 141 131
#!pragma POLYGON(1,0,0,0.25) 121 111
#!pragma POLYGON(1,0,0,0.25) 83 65
#!pragma POLYGON(1,0,0,0.25) 97 83
#!pragma POLYGON(1,0,0,0.25) 83 84
#!pragma POLYGON(1,0,0,0.25) 84 66
#!pragma POLYGON(1,0,0,0.25) 98 84
#!pragma POLYGON(1,0,0,0.25) 85 67
#!pragma POLYGON(1,0,0,0.25) 99 85
#!pragma POLYGON(1,0,0,0.25) 85 86
#!pragma POLYGON(1,0,0,0.25) 86 68
#!pragma POLYGON(1,0,0,0.25) 100 86
#!pragma POLYGON(1,0,0,0.25) 98 108 109 99
#!pragma POLYGON(1,0,0,0.25) 100 110 111 101
#!pragma POLYGON(1,0,0,0.25) 69 77 70
#!pragma POLYGON(1,0,0,0.25) 94 77
#!pragma POLYGON(1,0,0,0.25) 94 87
#!pragma POLYGON(1,0,0,0.25) 101 94
#!pragma POLYGON(1,0,0,0.25) 107 97
#!pragma POLYGON(1,0,0,0.25) 154 147
#!pragma POLYGON(1,0,0,0.25) 164 154
#!pragma POLYGON(1,0,0,0.25) 154 155
#!pragma POLYGON(1,0,0,0.25) 165 155
#!pragma POLYGON(1,0,0,0.25) 155 148
#!pragma POLYGON(1,0,0,0.25) 156 149
#!pragma POLYGON(1,0,0,0.25) 166 156
#!pragma POLYGON(1,0,0,0.25) 156 157
#!pragma POLYGON(1,0,0,0.25) 157 150
#!pragma POLYGON(1,0,0,0.25) 167 157
#!pragma POLYGON(1,0,0,0.25) 158 151
#!pragma POLYGON(1,0,0,0.25) 168 158
#!pragma POLYGON(1,0,0,0.25) 158 159
#!pragma POLYGON(1,0,0,0.25) 169 159
TICK
R 5 6 7 8 9 25 26 27 28 29 45 46 47 48 49 65 66 67 68 69 97 98 99 100 101 107 108 109 110 111 117 118 119 120 121 127 128 129 130 131 137 138 139 140 141 147 148 149 150 151 164 165 166 167 168 184 185 186 187 188 204 205 206 207 208 224 225 226 227 228 244 245 246 247
TICK
R 0 1 2 3 4 15 17 19 21 23 37 39 41 43 35 55 57 59 61 63 77 79 81 95 96 162 163 174 176 178 180 182 194 196 198 200 202 214 216 218 220 222 234 236 238 240 242 253 254 255 256 16 18 20 22 24 36 38 40 42 44 56 58 60 62 64 75 76 78 80 82 175 177 179 181 183 195 197 199 201 203 215 217 219 221 223 235 237 239 241 243 112 114 122 124 126 116 132 134 136 142 144 146 113 115 125 123 133 145 135 143 152 153 160 161 102 104 106 103 105 92 93 94 83 84 85 86 154 155 156 157 158 159
TICK
H 0 1 2 3 4 15 17 19 21 23 35 37 39 41 43 55 57 59 61 63 77 79 81 95 96 162 163 174 176 178 180 182 194 196 198 200 202 214 216 218 220 222 234 236 238 240 242 253 254 255 256 16 18 20 22 24 36 38 40 42 44 56 58 60 62 64 75 76 78 80 82 175 177 179 181 183 195 197 199 201 203 215 217 219 221 223 235 237 239 241 243 112 114 122 124 126 116 132 134 136 142 144 146 113 115 125 123 133 145 135 143 152 153 160 161 102 104 106 103 105 83 85 154 155 156 157 158 159
TICK
CX 0 5 1 7 2 9 3 11 4 13 17 26 19 28 21 30 23 32 35 45 37 47 39 49 41 51 43 53 57 66 59 68 61 70 63 72 79 88 81 90 162 170 163 172 176 185 178 187 180 189 182 191 194 204 196 206 198 208 200 210 202 212 216 225 218 227 220 229 222 231 236 245 238 247 240 249 242 251 112 107 114 109 124 118 126 120 116 111 132 127 134 129 136 131 144 138 146 140 104 98 106 100 75 92 76 93 77 94 83 84 85 86 154 147 156 149 158 151
CZ 16 25 18 27 20 29 22 31 24 33 36 46 38 48 40 50 42 52 44 54 56 65 58 67 60 69 62 71 64 73 78 87 80 89 82 91 175 184 177 186 179 188 181 190 183 192 195 205 197 207 199 209 201 211 203 213 215 224 217 226 219 228 221 230 223 232 235 244 237 246 239 248 241 250 243 252 113 108 115 110 125 119 123 117 133 128 145 139 135 130 143 137 152 148 153 150 160 165 161 167 103 97 105 99
TICK
CX 154 164 156 166 158 168
TICK
CX 0 6 1 8 2 10 3 12 4 14 15 25 17 27 19 29 21 31 23 33 35 46 37 48 39 50 41 52 43 54 55 65 57 67 59 69 61 71 63 73 79 89 81 91 162 171 163 173 174 184 176 186 178 188 180 190 182 192 194 205 196 207 198 209 200 211 202 213 214 224 216 226 218 228 220 230 222 232 234 244 236 246 238 248 240 250 242 252 112 117 114 119 124 128 126 130 116 121 132 137 134 139 136 141 144 148 146 150 104 108 106 110 94 101 83 97 85 99 155 165 157 167 159 169
CZ 16 5 18 7 20 9 22 11 24 13 36 26 38 28 40 30 42 32 44 34 56 45 58 47 60 49 62 51 64 53 75 66 76 68 78 70 80 72 82 74 175 164 177 166 179 168 181 170 183 172 195 185 197 187 199 189 201 191 203 193 215 204 217 206 219 208 221 210 223 212 235 225 237 227 239 229 241 231 243 233 113 109 115 111 125 120 123 118 133 129 145 140 135 131 143 138 152 149 153 151 103 98 105 100
TICK
CX 17 6 19 8 21 10 23 12 35 25 37 27 39 29 41 31 43 33 57 46 59 48 61 50 63 52 77 69 79 71 81 73 95 87 96 89 176 165 178 167 180 169 182 171 194 184 196 186 198 188 200 190 202 192 216 205 218 207 220 209 222 211 234 224 236 226 238 228 240 230 242 232 253 244 254 246 255 248 256 250 112 108 114 110 122 117 124 119 126 121 132 128 134 130 142 137 144 139 146 141 102 97 104 99 106 101 83 65 85 67 155 148 157 150
CZ 16 26 18 28 20 30 22 32 24 34 36 47 38 49 40 51 42 53 56 66 58 68 60 70 62 72 64 74 78 88 80 90 175 185 177 187 179 189 181 191 183 193 195 206 197 208 199 210 201 212 215 225 217 227 219 229 221 231 223 233 235 245 237 247 239 249 241 251 113 118 115 120 125 129 123 127 133 138 145 149 135 140 143 147 160 166 161 168 103 107 105 109 92 98 93 100
TICK
CX 15 5 17 7 19 9 21 11 23 13 35 26 37 28 39 30 41 32 43 34 55 45 57 47 59 49 61 51 63 53 77 70 79 72 81 74 95 88 96 90 174 164 176 166 178 168 180 170 182 172 194 185 196 187 198 189 200 191 202 193 214 204 216 206 218 208 220 210 222 212 234 225 236 227 238 229 240 231 242 233 253 245 254 247 255 249 256 251 112 118 114 120 122 127 124 129 126 131 132 138 134 140 142 147 144 149 146 151 152 160 153 161 102 107 104 109 106 111 94 87 84 66 86 68 154 155 156 157 158 159
CZ 16 6 18 8 20 10 22 12 24 14 36 27 38 29 40 31 42 33 56 46 58 48 60 50 62 52 64 54 75 67 76 69 78 71 80 73 175 165 177 167 179 169 181 171 183 173 195 186 197 188 199 190 201 192 215 205 217 207 219 209 221 211 223 213 235 226 237 228 239 230 241 232 113 119 115 121 125 130 123 128 133 139 145 150 135 141 143 148 103 108 105 110 92 99 93 101
TICK
CX 84 98 86 100
TICK
H 0 1 2 3 4 15 17 19 21 23 35 37 39 41 43 55 57 59 61 63 77 79 81 95 96 162 163 174 176 178 180 182 194 196 198 200 202 214 216 218 220 222 234 236 238 240 242 253 254 255 256 16 18 20 22 24 36 38 40 42 44 56 58 60 62 64 75 76 78 80 82 175 177 179 181 183 195 197 199 201 203 215 217 219 221 223 235 237 239 241 243 112 114 122 124 126 116 132 134 136 142 144 146 113 115 125 123 133 145 135 143 152 153 102 104 106 103 105 94 93 86 85 92 84 83 154 156 158
TICK
M 0 1 2 3 4 15 17 19 21 23 35 37 39 41 43 55 57 59 61 63 77 79 81 95 96 162 163 174 176 178 180 182 194 196 198 200 202 214 216 218 220 222 234 236 238 240 242 253 254 255 256 16 18 20 22 24 36 38 40 42 44 56 58 60 62 64 75 76 78 80 82 175 177 179 181 183 195 197 199 201 203 215 217 219 221 223 235 237 239 241 243 112 114 122 124 126 116 132 134 136 142 144 146 113 115 125 123 133 145 135 143 152 153 160 161 102 104 106 103 105 94 93 86 85 92 84 83 154 156 158 155 157 159
TICK
R 0 1 2 3 4 15 17 19 21 23 35 37 39 41 43 55 57 59 61 63 77 79 81 95 96 162 163 174 176 178 180 182 194 196 198 200 202 214 216 218 220 222 234 236 238 240 242 253 254 255 256 16 18 20 22 24 36 38 40 42 44 56 58 60 62 64 75 76 78 80 82 175 177 179 181 183 195 197 199 201 203 215 217 219 221 223 235 237 239 241 243 112 114 122 124 126 116 132 134 136 142 144 146 113 115 125 123 133 145 135 143 160 161 152 153 102 104 106 103 105 94 93 86 85 92 84 83 154 155 156 157 158 159
TICK
H 0 1 2 3 4 15 17 19 21 23 35 37 39 41 43 55 57 59 61 63 77 79 81 95 96 162 163 174 176 178 180 182 194 196 198 200 202 214 216 218 220 222 234 236 238 240 242 253 254 255 256 16 18 20 22 24 36 38 40 42 44 56 58 60 62 64 75 76 78 80 82 175 177 179 181 183 195 197 199 201 203 215 217 219 221 223 235 237 239 241 243 112 114 122 124 126 116 132 134 136 142 144 146 113 115 125 123 133 145 135 143 160 161 152 153 102 104 106 103 105 85 83 154 155 156 157 158 159
TICK
CX 0 6 1 8 2 10 3 12 4 14 15 25 17 27 19 29 21 31 23 33 35 46 37 48 39 50 41 52 43 54 55 65 57 67 59 69 61 71 63 73 79 89 81 91 162 171 163 173 174 184 176 186 178 188 180 190 182 192 194 205 196 207 198 209 200 211 202 213 214 224 216 226 218 228 220 230 222 232 234 244 236 246 238 248 240 250 242 252 112 108 114 110 122 117 124 119 126 121 132 128 134 130 142 137 144 139 146 141 102 97 104 99 106 101 83 84 85 86 75 92 76 93 77 94 155 148 157 150
CZ 16 26 18 28 20 30 22 32 24 34 36 47 38 49 40 51 42 53 56 66 58 68 60 70 62 72 64 74 78 88 80 90 175 185 177 187 179 189 181 191 183 193 195 206 197 208 199 210 201 212 215 225 217 227 219 229 221 231 223 233 235 245 237 247 239 249 241 251 113 109 115 111 125 120 123 118 133 129 145 140 135 131 143 138 152 149 153 151 160 166 161 168 103 98 105 100
TICK
CX 155 165 157 167 159 169
TICK
CX 0 5 1 7 2 9 3 11 4 13 17 26 19 28 21 30 23 32 35 45 37 47 39 49 41 51 43 53 57 66 59 68 61 70 63 72 79 88 81 90 162 170 163 172 176 185 178 187 180 189 182 191 194 204 196 206 198 208 200 210 202 212 216 225 218 227 220 229 222 231 236 245 238 247 240 249 242 251 112 118 114 120 122 127 124 129 126 131 132 138 134 140 142 147 144 149 146 151 102 107 104 109 106 111 94 87 84 98 86 100 154 164 156 166 158 168
CZ 16 6 18 8 20 10 22 12 24 14 36 27 38 29 40 31 42 33 56 46 58 48 60 50 62 52 64 54 75 67 76 69 78 71 80 73 175 165 177 167 179 169 181 171 183 173 195 186 197 188 199 190 201 192 215 205 217 207 219 209 221 211 223 213 235 226 237 228 239 230 241 232 113 108 115 110 125 119 123 117 133 128 145 139 135 130 143 137 152 148 153 150 103 97 105 99
TICK
CX 15 5 17 7 19 9 21 11 23 13 35 26 37 28 39 30 41 32 43 34 55 45 57 47 59 49 61 51 63 53 77 70 79 72 81 74 95 88 96 90 174 164 176 166 178 168 180 170 182 172 194 185 196 187 198 189 200 191 202 193 214 204 216 206 218 208 220 210 222 212 234 225 236 227 238 229 240 231 242 233 253 245 254 247 255 249 256 251 112 107 114 109 124 118 126 120 116 111 132 127 134 129 136 131 144 138 146 140 104 98 106 100 84 66 86 68 154 147 156 149 158 151
CZ 16 25 18 27 20 29 22 31 24 33 36 46 38 48 40 50 42 52 44 54 56 65 58 67 60 69 62 71 64 73 78 87 80 89 82 91 175 184 177 186 179 188 181 190 183 192 195 205 197 207 199 209 201 211 203 213 215 224 217 226 219 228 221 230 223 232 235 244 237 246 239 248 241 250 243 252 113 119 115 121 125 130 123 128 133 139 145 150 135 141 143 148 160 165 161 167 103 108 105 110 92 99 93 101
TICK
CX 17 6 19 8 21 10 23 12 35 25 37 27 39 29 41 31 43 33 57 46 59 48 61 50 63 52 77 69 79 71 81 73 95 87 96 89 176 165 178 167 180 169 182 171 194 184 196 186 198 188 200 190 202 192 216 205 218 207 220 209 222 211 234 224 236 226 238 228 240 230 242 232 253 244 254 246 255 248 256 250 112 117 114 119 124 128 126 130 116 121 132 137 134 139 136 141 144 148 146 150 152 160 153 161 104 108 106 110 94 101 83 65 85 67 154 155 156 157 158 159
CZ 16 5 18 7 20 9 22 11 24 13 36 26 38 28 40 30 42 32 44 34 56 45 58 47 60 49 62 51 64 53 75 66 76 68 78 70 80 72 82 74 175 164 177 166 179 168 181 170 183 172 195 185 197 187 199 189 201 191 203 193 215 204 217 206 219 208 221 210 223 212 235 225 237 227 239 229 241 231 243 233 113 118 115 120 125 129 123 127 133 138 145 149 135 140 143 147 103 107 105 109 92 98 93 100
TICK
CX 83 97 85 99
TICK
H 0 1 2 3 4 15 17 19 21 23 35 37 39 41 43 55 57 59 61 63 77 79 81 95 96 162 163 174 176 178 180 182 194 196 198 200 202 214 216 218 220 222 234 236 238 240 242 253 254 255 256 16 18 20 22 24 36 38 40 42 44 56 58 60 62 64 75 76 78 80 82 175 177 179 181 183 195 197 199 201 203 215 217 219 221 223 235 237 239 241 243 112 114 122 124 126 116 132 134 136 142 144 146 113 115 125 123 133 145 135 143 152 153 102 104 106 103 105 83 85 84 92 86 93 94 154 156 158
TICK
M 0 1 2 3 4 15 17 19 21 23 35 37 39 41 43 55 57 59 61 63 77 79 81 95 96 162 163 174 176 178 180 182 194 196 198 200 202 214 216 218 220 222 234 236 238 240 242 253 254 255 256 16 18 20 22 24 36 38 40 42 44 56 58 60 62 64 75 76 78 80 82 175 177 179 181 183 195 197 199 201 203 215 217 219 221 223 235 237 239 241 243 112 114 122 124 126 116 132 134 136 142 144 146 113 115 125 123 133 145 135 143 152 153 160 161 102 104 106 103 105 83 85 84 92 86 93 94 154 155 156 157 158 159
TICK
R 0 1 2 3 4 15 17 19 21 23 37 39 41 43 35 55 57 59 61 63 77 79 81 95 96 162 163 174 176 178 180 182 194 196 198 200 202 214 216 218 220 222 234 236 238 240 242 253 254 255 256 16 18 20 22 24 36 38 40 42 44 56 58 60 62 64 75 76 78 80 82 175 177 179 181 183 195 197 199 201 203 215 217 219 221 223 235 237 239 241 243 112 114 122 124 126 116 132 134 136 142 144 146 113 115 125 123 133 145 135 143 152 153 160 161 102 104 106 103 105 92 93 94 83 84 85 86 154 155 156 157 158 159
TICK
H 0 1 2 3 4 15 17 19 21 23 35 37 39 41 43 55 57 59 61 63 77 79 81 95 96 162 163 174 176 178 180 182 194 196 198 200 202 214 216 218 220 222 234 236 238 240 242 253 254 255 256 16 18 20 22 24 36 38 40 42 44 56 58 60 62 64 75 76 78 80 82 175 177 179 181 183 195 197 199 201 203 215 217 219 221 223 235 237 239 241 243 112 114 122 124 126 116 132 134 136 142 144 146 113 115 125 123 133 145 135 143 152 153 160 161 102 104 106 103 105 83 85 154 155 156 157 158 159
TICK
CX 0 5 1 7 2 9 3 11 4 13 17 26 19 28 21 30 23 32 35 45 37 47 39 49 41 51 43 53 57 66 59 68 61 70 63 72 79 88 81 90 162 170 163 172 176 185 178 187 180 189 182 191 194 204 196 206 198 208 200 210 202 212 216 225 218 227 220 229 222 231 236 245 238 247 240 249 242 251 112 107 114 109 124 118 126 120 116 111 132 127 134 129 136 131 144 138 146 140 104 98 106 100 75 92 76 93 77 94 83 84 85 86 154 147 156 149 158 151
CZ 16 25 18 27 20 29 22 31 24 33 36 46 38 48 40 50 42 52 44 54 56 65 58 67 60 69 62 71 64 73 78 87 80 89 82 91 175 184 177 186 179 188 181 190 183 192 195 205 197 207 199 209 201 211 203 213 215 224 217 226 219 228 221 230 223 232 235 244 237 246 239 248 241 250 243 252 113 108 115 110 125 119 123 117 133 128 145 139 135 130 143 137 152 148 153 150 160 165 161 167 103 97 105 99
TICK
CX 154 164 156 166 158 168
TICK
CX 0 6 1 8 2 10 3 12 4 14 15 25 17 27 19 29 21 31 23 33 35 46 37 48 39 50 41 52 43 54 55 65 57 67 59 69 61 71 63 73 79 89 81 91 162 171 163 173 174 184 176 186 178 188 180 190 182 192 194 205 196 207 198 209 200 211 202 213 214 224 216 226 218 228 220 230 222 232 234 244 236 246 238 248 240 250 242 252 112 117 114 119 124 128 126 130 116 121 132 137 134 139 136 141 144 148 146 150 104 108 106 110 94 101 83 97 85 99 155 165 157 167 159 169
CZ 16 5 18 7 20 9 22 11 24 13 36 26 38 28 40 30 42 32 44 34 56 45 58 47 60 49 62 51 64 53 75 66 76 68 78 70 80 72 82 74 175 164 177 166 179 168 181 170 183 172 195 185 197 187 199 189 201 191 203 193 215 204 217 206 219 208 221 210 223 212 235 225 237 227 239 229 241 231 243 233 113 109 115 111 125 120 123 118 133 129 145 140 135 131 143 138 152 149 153 151 103 98 105 100
TICK
CX 17 6 19 8 21 10 23 12 35 25 37 27 39 29 41 31 43 33 57 46 59 48 61 50 63 52 77 69 79 71 81 73 95 87 96 89 176 165 178 167 180 169 182 171 194 184 196 186 198 188 200 190 202 192 216 205 218 207 220 209 222 211 234 224 236 226 238 228 240 230 242 232 253 244 254 246 255 248 256 250 112 108 114 110 122 117 124 119 126 121 132 128 134 130 142 137 144 139 146 141 102 97 104 99 106 101 83 65 85 67 155 148 157 150
CZ 16 26 18 28 20 30 22 32 24 34 36 47 38 49 40 51 42 53 56 66 58 68 60 70 62 72 64 74 78 88 80 90 175 185 177 187 179 189 181 191 183 193 195 206 197 208 199 210 201 212 215 225 217 227 219 229 221 231 223 233 235 245 237 247 239 249 241 251 113 118 115 120 125 129 123 127 133 138 145 149 135 140 143 147 160 166 161 168 103 107 105 109 92 98 93 100
TICK
CX 15 5 17 7 19 9 21 11 23 13 35 26 37 28 39 30 41 32 43 34 55 45 57 47 59 49 61 51 63 53 77 70 79 72 81 74 95 88 96 90 174 164 176 166 178 168 180 170 182 172 194 185 196 187 198 189 200 191 202 193 214 204 216 206 218 208 220 210 222 212 234 225 236 227 238 229 240 231 242 233 253 245 254 247 255 249 256 251 112 118 114 120 122 127 124 129 126 131 132 138 134 140 142 147 144 149 146 151 152 160 153 161 102 107 104 109 106 111 94 87 84 66 86 68 154 155 156 157 158 159
CZ 16 6 18 8 20 10 22 12 24 14 36 27 38 29 40 31 42 33 56 46 58 48 60 50 62 52 64 54 75 67 76 69 78 71 80 73 175 165 177 167 179 169 181 171 183 173 195 186 197 188 199 190 201 192 215 205 217 207 219 209 221 211 223 213 235 226 237 228 239 230 241 232 113 119 115 121 125 130 123 128 133 139 145 150 135 141 143 148 103 108 105 110 92 99 93 101
TICK
CX 84 98 86 100
TICK
H 0 1 2 3 4 15 17 19 21 23 35 37 39 41 43 55 57 59 61 63 77 79 81 95 96 162 163 174 176 178 180 182 194 196 198 200 202 214 216 218 220 222 234 236 238 240 242 253 254 255 256 16 18 20 22 24 36 38 40 42 44 56 58 60 62 64 75 76 78 80 82 175 177 179 181 183 195 197 199 201 203 215 217 219 221 223 235 237 239 241 243 112 114 122 124 126 116 132 134 136 142 144 146 113 115 125 123 133 145 135 143 152 153 102 104 106 103 105 94 93 86 85 92 84 83 154 156 158
TICK
M 0 1 2 3 4 15 17 19 21 23 35 37 39 41 43 55 57 59 61 63 77 79 81 95 96 162 163 174 176 178 180 182 194 196 198 200 202 214 216 218 220 222 234 236 238 240 242 253 254 255 256 16 18 20 22 24 36 38 40 42 44 56 58 60 62 64 75 76 78 80 82 175 177 179 181 183 195 197 199 201 203 215 217 219 221 223 235 237 239 241 243 112 114 122 124 126 116 132 134 136 142 144 146 113 115 125 123 133 145 135 143 152 153 160 161 102 104 106 103 105 94 93 86 85 92 84 83 154 156 158 155 157 159
TICK
R 0 1 2 3 4 15 17 19 21 23 35 37 39 41 43 55 57 59 61 63 77 79 81 95 96 162 163 174 176 178 180 182 194 196 198 200 202 214 216 218 220 222 234 236 238 240 242 253 254 255 256 16 18 20 22 24 36 38 40 42 44 56 58 60 62 64 75 76 78 80 82 175 177 179 181 183 195 197 199 201 203 215 217 219 221 223 235 237 239 241 243 112 114 122 124 126 116 132 134 136 142 144 146 113 115 125 123 133 145 135 143 160 161 152 153 102 104 106 103 105 94 93 86 85 92 84 83 154 155 156 157 158 159
TICK
H 0 1 2 3 4 15 17 19 21 23 35 37 39 41 43 55 57 59 61 63 77 79 81 95 96 162 163 174 176 178 180 182 194 196 198 200 202 214 216 218 220 222 234 236 238 240 242 253 254 255 256 16 18 20 22 24 36 38 40 42 44 56 58 60 62 64 75 76 78 80 82 175 177 179 181 183 195 197 199 201 203 215 217 219 221 223 235 237 239 241 243 112 114 122 124 126 116 132 134 136 142 144 146 113 115 125 123 133 145 135 143 160 161 152 153 102 104 106 103 105 85 83 154 155 156 157 158 159
TICK
CX 0 6 1 8 2 10 3 12 4 14 15 25 17 27 19 29 21 31 23 33 35 46 37 48 39 50 41 52 43 54 55 65 57 67 59 69 61 71 63 73 79 89 81 91 162 171 163 173 174 184 176 186 178 188 180 190 182 192 194 205 196 207 198 209 200 211 202 213 214 224 216 226 218 228 220 230 222 232 234 244 236 246 238 248 240 250 242 252 112 108 114 110 122 117 124 119 126 121 132 128 134 130 142 137 144 139 146 141 102 97 104 99 106 101 83 84 85 86 75 92 76 93 77 94 155 148 157 150
CZ 16 26 18 28 20 30 22 32 24 34 36 47 38 49 40 51 42 53 56 66 58 68 60 70 62 72 64 74 78 88 80 90 175 185 177 187 179 189 181 191 183 193 195 206 197 208 199 210 201 212 215 225 217 227 219 229 221 231 223 233 235 245 237 247 239 249 241 251 113 109 115 111 125 120 123 118 133 129 145 140 135 131 143 138 152 149 153 151 160 166 161 168 103 98 105 100
TICK
CX 155 165 157 167 159 169
TICK
CX 0 5 1 7 2 9 3 11 4 13 17 26 19 28 21 30 23 32 35 45 37 47 39 49 41 51 43 53 57 66 59 68 61 70 63 72 79 88 81 90 162 170 163 172 176 185 178 187 180 189 182 191 194 204 196 206 198 208 200 210 202 212 216 225 218 227 220 229 222 231 236 245 238 247 240 249 242 251 112 118 114 120 122 127 124 129 126 131 132 138 134 140 142 147 144 149 146 151 102 107 104 109 106 111 94 87 84 98 86 100 154 164 156 166 158 168
CZ 16 6 18 8 20 10 22 12 24 14 36 27 38 29 40 31 42 33 56 46 58 48 60 50 62 52 64 54 75 67 76 69 78 71 80 73 175 165 177 167 179 169 181 171 183 173 195 186 197 188 199 190 201 192 215 205 217 207 219 209 221 211 223 213 235 226 237 228 239 230 241 232 113 108 115 110 125 119 123 117 133 128 145 139 135 130 143 137 152 148 153 150 103 97 105 99
TICK
CX 15 5 17 7 19 9 21 11 23 13 35 26 37 28 39 30 41 32 43 34 55 45 57 47 59 49 61 51 63 53 77 70 79 72 81 74 95 88 96 90 174 164 176 166 178 168 180 170 182 172 194 185 196 187 198 189 200 191 202 193 214 204 216 206 218 208 220 210 222 212 234 225 236 227 238 229 240 231 242 233 253 245 254 247 255 249 256 251 112 107 114 109 124 118 126 120 116 111 132 127 134 129 136 131 144 138 146 140 104 98 106 100 84 66 86 68 154 147 156 149 158 151
CZ 16 25 18 27 20 29 22 31 24 33 36 46 38 48 40 50 42 52 44 54 56 65 58 67 60 69 62 71 64 73 78 87 80 89 82 91 175 184 177 186 179 188 181 190 183 192 195 205 197 207 199 209 201 211 203 213 215 224 217 226 219 228 221 230 223 232 235 244 237 246 239 248 241 250 243 252 113 119 115 121 125 130 123 128 133 139 145 150 135 141 143 148 160 165 161 167 103 108 105 110 92 99 93 101
TICK
CX 17 6 19 8 21 10 23 12 35 25 37 27 39 29 41 31 43 33 57 46 59 48 61 50 63 52 77 69 79 71 81 73 95 87 96 89 176 165 178 167 180 169 182 171 194 184 196 186 198 188 200 190 202 192 216 205 218 207 220 209 222 211 234 224 236 226 238 228 240 230 242 232 253 244 254 246 255 248 256 250 112 117 114 119 124 128 126 130 116 121 132 137 134 139 136 141 144 148 146 150 152 160 153 161 104 108 106 110 94 101 83 65 85 67 154 155 156 157 158 159
CZ 16 5 18 7 20 9 22 11 24 13 36 26 38 28 40 30 42 32 44 34 56 45 58 47 60 49 62 51 64 53 75 66 76 68 78 70 80 72 82 74 175 164 177 166 179 168 181 170 183 172 195 185 197 187 199 189 201 191 203 193 215 204 217 206 219 208 221 210 223 212 235 225 237 227 239 229 241 231 243 233 113 118 115 120 125 129 123 127 133 138 145 149 135 140 143 147 103 107 105 109 92 98 93 100
TICK
CX 83 97 85 99
TICK
H 0 1 2 3 4 15 17 19 21 23 35 37 39 41 43 55 57 59 61 63 77 79 81 95 96 162 163 174 176 178 180 182 194 196 198 200 202 214 216 218 220 222 234 236 238 240 242 253 254 255 256 16 18 20 22 24 36 38 40 42 44 56 58 60 62 64 75 76 78 80 82 175 177 179 181 183 195 197 199 201 203 215 217 219 221 223 235 237 239 241 243 112 114 122 124 126 116 132 134 136 142 144 146 113 115 125 123 133 145 135 143 152 153 102 104 106 103 105 83 85 84 92 86 93 94 154 156 158
TICK
M 0 1 2 3 4 15 17 19 21 23 35 37 39 41 43 55 57 59 61 63 77 79 81 95 96 162 163 174 176 178 180 182 194 196 198 200 202 214 216 218 220 222 234 236 238 240 242 253 254 255 256 16 18 20 22 24 36 38 40 42 44 56 58 60 62 64 75 76 78 80 82 175 177 179 181 183 195 197 199 201 203 215 217 219 221 223 235 237 239 241 243 112 114 122 124 126 116 132 134 136 142 144 146 113 115 125 123 133 145 135 143 152 153 160 161 102 104 106 103 105 83 85 84 92 86 93 94 154 155 156 157 158 159
TICK
R 0 1 2 3 4 15 17 19 21 23 37 39 41 43 35 55 57 59 61 63 77 79 81 95 96 162 163 174 176 178 180 182 194 196 198 200 202 214 216 218 220 222 234 236 238 240 242 253 254 255 256 16 18 20 22 24 36 38 40 42 44 56 58 60 62 64 75 76 78 80 82 175 177 179 181 183 195 197 199 201 203 215 217 219 221 223 235 237 239 241 243 112 114 122 124 126 116 132 134 136 142 144 146 113 115 125 123 133 145 135 143 152 153 160 161 102 104 106 103 105 92 93 94 83 84 85 86 154 155 156 157 158 159
TICK
H 0 1 2 3 4 15 17 19 21 23 35 37 39 41 43 55 57 59 61 63 77 79 81 95 96 162 163 174 176 178 180 182 194 196 198 200 202 214 216 218 220 222 234 236 238 240 242 253 254 255 256 16 18 20 22 24 36 38 40 42 44 56 58 60 62 64 75 76 78 80 82 175 177 179 181 183 195 197 199 201 203 215 217 219 221 223 235 237 239 241 243 112 114 122 124 126 116 132 134 136 142 144 146 113 115 125 123 133 145 135 143 152 153 160 161 102 104 106 103 105 83 85 154 155 156 157 158 159
TICK
CX 0 5 1 7 2 9 3 11 4 13 17 26 19 28 21 30 23 32 35 45 37 47 39 49 41 51 43 53 57 66 59 68 61 70 63 72 79 88 81 90 162 170 163 172 176 185 178 187 180 189 182 191 194 204 196 206 198 208 200 210 202 212 216 225 218 227 220 229 222 231 236 245 238 247 240 249 242 251 112 107 114 109 124 118 126 120 116 111 132 127 134 129 136 131 144 138 146 140 104 98 106 100 75 92 76 93 77 94 83 84 85 86 154 147 156 149 158 151
CZ 16 25 18 27 20 29 22 31 24 33 36 46 38 48 40 50 42 52 44 54 56 65 58 67 60 69 62 71 64 73 78 87 80 89 82 91 175 184 177 186 179 188 181 190 183 192 195 205 197 207 199 209 201 211 203 213 215 224 217 226 219 228 221 230 223 232 235 244 237 246 239 248 241 250 243 252 113 108 115 110 125 119 123 117 133 128 145 139 135 130 143 137 152 148 153 150 160 165 161 167 103 97 105 99
TICK
CX 154 164 156 166 158 168
TICK
CX 0 6 1 8 2 10 3 12 4 14 15 25 17 27 19 29 21 31 23 33 35 46 37 48 39 50 41 52 43 54 55 65 57 67 59 69 61 71 63 73 79 89 81 91 162 171 163 173 174 184 176 186 178 188 180 190 182 192 194 205 196 207 198 209 200 211 202 213 214 224 216 226 218 228 220 230 222 232 234 244 236 246 238 248 240 250 242 252 112 117 114 119 124 128 126 130 116 121 132 137 134 139 136 141 144 148 146 150 104 108 106 110 94 101 83 97 85 99 155 165 157 167 159 169
CZ 16 5 18 7 20 9 22 11 24 13 36 26 38 28 40 30 42 32 44 34 56 45 58 47 60 49 62 51 64 53 75 66 76 68 78 70 80 72 82 74 175 164 177 166 179 168 181 170 183 172 195 185 197 187 199 189 201 191 203 193 215 204 217 206 219 208 221 210 223 212 235 225 237 227 239 229 241 231 243 233 113 109 115 111 125 120 123 118 133 129 145 140 135 131 143 138 152 149 153 151 103 98 105 100
TICK
CX 17 6 19 8 21 10 23 12 35 25 37 27 39 29 41 31 43 33 57 46 59 48 61 50 63 52 77 69 79 71 81 73 95 87 96 89 176 165 178 167 180 169 182 171 194 184 196 186 198 188 200 190 202 192 216 205 218 207 220 209 222 211 234 224 236 226 238 228 240 230 242 232 253 244 254 246 255 248 256 250 112 108 114 110 122 117 124 119 126 121 132 128 134 130 142 137 144 139 146 141 102 97 104 99 106 101 83 65 85 67 155 148 157 150
CZ 16 26 18 28 20 30 22 32 24 34 36 47 38 49 40 51 42 53 56 66 58 68 60 70 62 72 64 74 78 88 80 90 175 185 177 187 179 189 181 191 183 193 195 206 197 208 199 210 201 212 215 225 217 227 219 229 221 231 223 233 235 245 237 247 239 249 241 251 113 118 115 120 125 129 123 127 133 138 145 149 135 140 143 147 160 166 161 168 103 107 105 109 92 98 93 100
TICK
CX 15 5 17 7 19 9 21 11 23 13 35 26 37 28 39 30 41 32 43 34 55 45 57 47 59 49 61 51 63 53 77 70 79 72 81 74 95 88 96 90 174 164 176 166 178 168 180 170 182 172 194 185 196 187 198 189 200 191 202 193 214 204 216 206 218 208 220 210 222 212 234 225 236 227 238 229 240 231 242 233 253 245 254 247 255 249 256 251 112 118 114 120 122 127 124 129 126 131 132 138 134 140 142 147 144 149 146 151 152 160 153 161 102 107 104 109 106 111 94 87 84 66 86 68 154 155 156 157 158 159
CZ 16 6 18 8 20 10 22 12 24 14 36 27 38 29 40 31 42 33 56 46 58 48 60 50 62 52 64 54 75 67 76 69 78 71 80 73 175 165 177 167 179 169 181 171 183 173 195 186 197 188 199 190 201 192 215 205 217 207 219 209 221 211 223 213 235 226 237 228 239 230 241 232 113 119 115 121 125 130 123 128 133 139 145 150 135 141 143 148 103 108 105 110 92 99 93 101
TICK
CX 84 98 86 100
TICK
H 0 1 2 3 4 15 17 19 21 23 35 37 39 41 43 55 57 59 61 63 77 79 81 95 96 162 163 174 176 178 180 182 194 196 198 200 202 214 216 218 220 222 234 236 238 240 242 253 254 255 256 16 18 20 22 24 36 38 40 42 44 56 58 60 62 64 75 76 78 80 82 175 177 179 181 183 195 197 199 201 203 215 217 219 221 223 235 237 239 241 243 112 114 122 124 126 116 132 134 136 142 144 146 113 115 125 123 133 145 135 143 152 153 102 104 106 103 105 94 93 86 85 92 84 83 154 156 158
TICK
M 0 1 2 3 4 15 17 19 21 23 35 37 39 41 43 55 57 59 61 63 77 79 81 95 96 162 163 174 176 178 180 182 194 196 198 200 202 214 216 218 220 222 234 236 238 240 242 253 254 255 256 16 18 20 22 24 36 38 40 42 44 56 58 60 62 64 75 76 78 80 82 175 177 179 181 183 195 197 199 201 203 215 217 219 221 223 235 237 239 241 243 112 114 122 124 126 116 132 134 136 142 144 146 113 115 125 123 133 145 135 143 152 153 160 161 102 104 106 103 105 94 93 86 85 92 84 83 154 156 158 155 157 159
TICK
M 5 6 7 8 9 25 26 27 28 29 45 46 47 48 49 65 66 67 68 69 97 98 99 100 101 107 108 109 110 111 117 118 119 120 121 127 128 129 130 131 137 138 139 140 141 147 148 149 150 151 164 165 166 167 168 184 185 186 187 188 204 205 206 207 208 224 225 226 227 228 244 245 246 247
TICK
R 3 4 21 23 41 43 61 63 79 81 95 96 162 163 180 182 200 202 220 222 240 242 255 256 20 22 24 40 42 44 60 62 64 78 80 82 179 181 183 199 201 203 219 221 223 239 241 243
TICK
H 3 4 21 23 41 43 61 63 79 81 95 96 162 163 180 182 200 202 220 222 240 242 255 256 20 22 24 40 42 44 60 62 64 78 80 82 179 181 183 199 201 203 219 221 223 239 241 243
TICK
CX 3 12 4 14 21 31 23 33 41 52 43 54 61 71 63 73 79 89 81 91 162 171 163 173 180 190 182 192 200 211 202 213 220 230 222 232 240 250 242 252
CZ 20 30 22 32 24 34 40 51 42 53 60 70 62 72 64 74 78 88 80 90 179 189 181 191 183 193 199 210 201 212 219 229 221 231 223 233 239 249 241 251
TICK
CX 3 11 4 13 21 30 23 32 41 51 43 53 61 70 63 72 79 88 81 90 162 170 163 172 180 189 182 191 200 210 202 212 220 229 222 231 240 249 242 251
CZ 20 10 22 12 24 14 40 31 42 33 60 50 62 52 64 54 78 71 80 73 179 169 181 171 183 173 199 190 201 192 219 209 221 211 223 213 239 230 241 232
TICK
CX 21 11 23 13 41 32 43 34 61 51 63 53 79 72 81 74 95 88 96 90 180 170 182 172 200 191 202 193 220 210 222 212 240 231 242 233 255 249 256 251
CZ 22 31 24 33 40 50 42 52 44 54 62 71 64 73 78 87 80 89 82 91 181 190 183 192 199 209 201 211 203 213 221 230 223 232 239 248 241 250 243 252
TICK
CX 21 10 23 12 41 31 43 33 61 50 63 52 79 71 81 73 95 87 96 89 180 169 182 171 200 190 202 192 220 209 222 211 240 230 242 232 255 248 256 250
CZ 22 11 24 13 40 30 42 32 44 34 62 51 64 53 78 70 80 72 82 74 181 170 183 172 199 189 201 191 203 193 221 210 223 212 239 229 241 231 243 233
TICK
H 3 4 21 23 41 43 61 63 79 81 95 96 162 163 180 182 200 202 220 222 240 242 255 256 20 22 24 40 42 44 60 62 64 78 80 82 179 181 183 199 201 203 219 221 223 239 241 243
TICK
M 3 4 21 23 41 43 61 63 79 81 95 96 162 163 180 182 200 202 220 222 240 242 255 256 20 22 24 40 42 44 60 62 64 78 80 82 179 181 183 199 201 203 219 221 223 239 241 243
TICK
R 3 4 21 23 41 43 61 63 79 81 95 96 162 163 180 182 200 202 220 222 240 242 255 256 20 22 24 40 42 44 60 62 64 78 80 82 179 181 183 199 201 203 219 221 223 239 241 243
TICK
H 3 4 21 23 41 43 61 63 79 81 95 96 162 163 180 182 200 202 220 222 240 242 255 256 20 22 24 40 42 44 60 62 64 78 80 82 179 181 183 199 201 203 219 221 223 239 241 243
TICK
CX 3 11 4 13 21 30 23 32 41 51 43 53 61 70 63 72 79 88 81 90 162 170 163 172 180 189 182 191 200 210 202 212 220 229 222 231 240 249 242 251
CZ 22 31 24 33 40 50 42 52 44 54 62 71 64 73 78 87 80 89 82 91 181 190 183 192 199 209 201 211 203 213 221 230 223 232 239 248 241 250 243 252
TICK
CX 3 12 4 14 21 31 23 33 41 52 43 54 61 71 63 73 79 89 81 91 162 171 163 173 180 190 182 192 200 211 202 213 220 230 222 232 240 250 242 252
CZ 22 11 24 13 40 30 42 32 44 34 62 51 64 53 78 70 80 72 82 74 181 170 183 172 199 189 201 191 203 193 221 210 223 212 239 229 241 231 243 233
TICK
CX 21 10 23 12 41 31 43 33 61 50 63 52 79 71 81 73 95 87 96 89 180 169 182 171 200 190 202 192 220 209 222 211 240 230 242 232 255 248 256 250
CZ 20 30 22 32 24 34 40 51 42 53 60 70 62 72 64 74 78 88 80 90 179 189 181 191 183 193 199 210 201 212 219 229 221 231 223 233 239 249 241 251
TICK
CX 21 11 23 13 41 32 43 34 61 51 63 53 79 72 81 74 95 88 96 90 180 170 182 172 200 191 202 193 220 210 222 212 240 231 242 233 255 249 256 251
CZ 20 10 22 12 24 14 40 31 42 33 60 50 62 52 64 54 78 71 80 73 179 169 181 171 183 173 199 190 201 192 219 209 221 211 223 213 239 230 241 232
TICK
H 3 4 21 23 41 43 61 63 79 81 95 96 162 163 180 182 200 202 220 222 240 242 255 256 20 22 24 40 42 44 60 62 64 78 80 82 179 181 183 199 201 203 219 221 223 239 241 243
TICK
M 3 4 21 23 41 43 61 63 79 81 95 96 162 163 180 182 200 202 220 222 240 242 255 256 20 22 24 40 42 44 60 62 64 78 80 82 179 181 183 199 201 203 219 221 223 239 241 243
TICK
R 3 4 21 23 41 43 61 63 79 81 95 96 162 163 180 182 200 202 220 222 240 242 255 256 20 22 24 40 42 44 60 62 64 78 80 82 179 181 183 199 201 203 219 221 223 239 241 243
TICK
H 3 4 21 23 41 43 61 63 79 81 95 96 162 163 180 182 200 202 220 222 240 242 255 256 20 22 24 40 42 44 60 62 64 78 80 82 179 181 183 199 201 203 219 221 223 239 241 243
TICK
CX 3 12 4 14 21 31 23 33 41 52 43 54 61 71 63 73 79 89 81 91 162 171 163 173 180 190 182 192 200 211 202 213 220 230 222 232 240 250 242 252
CZ 20 30 22 32 24 34 40 51 42 53 60 70 62 72 64 74 78 88 80 90 179 189 181 191 183 193 199 210 201 212 219 229 221 231 223 233 239 249 241 251
TICK
CX 3 11 4 13 21 30 23 32 41 51 43 53 61 70 63 72 79 88 81 90 162 170 163 172 180 189 182 191 200 210 202 212 220 229 222 231 240 249 242 251
CZ 20 10 22 12 24 14 40 31 42 33 60 50 62 52 64 54 78 71 80 73 179 169 181 171 183 173 199 190 201 192 219 209 221 211 223 213 239 230 241 232
TICK
CX 21 11 23 13 41 32 43 34 61 51 63 53 79 72 81 74 95 88 96 90 180 170 182 172 200 191 202 193 220 210 222 212 240 231 242 233 255 249 256 251
CZ 22 31 24 33 40 50 42 52 44 54 62 71 64 73 78 87 80 89 82 91 181 190 183 192 199 209 201 211 203 213 221 230 223 232 239 248 241 250 243 252
TICK
CX 21 10 23 12 41 31 43 33 61 50 63 52 79 71 81 73 95 87 96 89 180 169 182 171 200 190 202 192 220 209 222 211 240 230 242 232 255 248 256 250
CZ 22 11 24 13 40 30 42 32 44 34 62 51 64 53 78 70 80 72 82 74 181 170 183 172 199 189 201 191 203 193 221 210 223 212 239 229 241 231 243 233
TICK
H 3 4 21 23 41 43 61 63 79 81 95 96 162 163 180 182 200 202 220 222 240 242 255 256 20 22 24 40 42 44 60 62 64 78 80 82 179 181 183 199 201 203 219 221 223 239 241 243
TICK
M 3 4 21 23 41 43 61 63 79 81 95 96 162 163 180 182 200 202 220 222 240 242 255 256 20 22 24 40 42 44 60 62 64 78 80 82 179 181 183 199 201 203 219 221 223 239 241 243
TICK
R 3 4 21 23 41 43 61 63 79 81 95 96 162 163 180 182 200 202 220 222 240 242 255 256 20 22 24 40 42 44 60 62 64 78 80 82 179 181 183 199 201 203 219 221 223 239 241 243
TICK
H 3 4 21 23 41 43 61 63 79 81 95 96 162 163 180 182 200 202 220 222 240 242 255 256 20 22 24 40 42 44 60 62 64 78 80 82 179 181 183 199 201 203 219 221 223 239 241 243
TICK
CX 3 11 4 13 21 30 23 32 41 51 43 53 61 70 63 72 79 88 81 90 162 170 163 172 180 189 182 191 200 210 202 212 220 229 222 231 240 249 242 251
CZ 22 31 24 33 40 50 42 52 44 54 62 71 64 73 78 87 80 89 82 91 181 190 183 192 199 209 201 211 203 213 221 230 223 232 239 248 241 250 243 252
TICK
CX 3 12 4 14 21 31 23 33 41 52 43 54 61 71 63 73 79 89 81 91 162 171 163 173 180 190 182 192 200 211 202 213 220 230 222 232 240 250 242 252
CZ 22 11 24 13 40 30 42 32 44 34 62 51 64 53 78 70 80 72 82 74 181 170 183 172 199 189 201 191 203 193 221 210 223 212 239 229 241 231 243 233
TICK
CX 21 10 23 12 41 31 43 33 61 50 63 52 79 71 81 73 95 87 96 89 180 169 182 171 200 190 202 192 220 209 222 211 240 230 242 232 255 248 256 250
CZ 20 30 22 32 24 34 40 51 42 53 60 70 62 72 64 74 78 88 80 90 179 189 181 191 183 193 199 210 201 212 219 229 221 231 223 233 239 249 241 251
TICK
CX 21 11 23 13 41 32 43 34 61 51 63 53 79 72 81 74 95 88 96 90 180 170 182 172 200 191 202 193 220 210 222 212 240 231 242 233 255 249 256 251
CZ 20 10 22 12 24 14 40 31 42 33 60 50 62 52 64 54 78 71 80 73 179 169 181 171 183 173 199 190 201 192 219 209 221 211 223 213 239 230 241 232
TICK
H 3 4 21 23 41 43 61 63 79 81 95 96 162 163 180 182 200 202 220 222 240 242 255 256 20 22 24 40 42 44 60 62 64 78 80 82 179 181 183 199 201 203 219 221 223 239 241 243
TICK
M 3 4 21 23 41 43 61 63 79 81 95 96 162 163 180 182 200 202 220 222 240 242 255 256 20 22 24 40 42 44 60 62 64 78 80 82 179 181 183 199 201 203 219 221 223 239 241 243
TICK
R 3 4 21 23 41 43 61 63 79 81 95 96 162 163 180 182 200 202 220 222 240 242 255 256 20 22 24 40 42 44 60 62 64 78 80 82 179 181 183 199 201 203 219 221 223 239 241 243
TICK
H 3 4 21 23 41 43 61 63 79 81 95 96 162 163 180 182 200 202 220 222 240 242 255 256 20 22 24 40 42 44 60 62 64 78 80 82 179 181 183 199 201 203 219 221 223 239 241 243
TICK
CX 3 12 4 14 21 31 23 33 41 52 43 54 61 71 63 73 79 89 81 91 162 171 163 173 180 190 182 192 200 211 202 213 220 230 222 232 240 250 242 252
CZ 20 30 22 32 24 34 40 51 42 53 60 70 62 72 64 74 78 88 80 90 179 189 181 191 183 193 199 210 201 212 219 229 221 231 223 233 239 249 241 251
TICK
CX 3 11 4 13 21 30 23 32 41 51 43 53 61 70 63 72 79 88 81 90 162 170 163 172 180 189 182 191 200 210 202 212 220 229 222 231 240 249 242 251
CZ 20 10 22 12 24 14 40 31 42 33 60 50 62 52 64 54 78 71 80 73 179 169 181 171 183 173 199 190 201 192 219 209 221 211 223 213 239 230 241 232
TICK
CX 21 11 23 13 41 32 43 34 61 51 63 53 79 72 81 74 95 88 96 90 180 170 182 172 200 191 202 193 220 210 222 212 240 231 242 233 255 249 256 251
CZ 22 31 24 33 40 50 42 52 44 54 62 71 64 73 78 87 80 89 82 91 181 190 183 192 199 209 201 211 203 213 221 230 223 232 239 248 241 250 243 252
TICK
CX 21 10 23 12 41 31 43 33 61 50 63 52 79 71 81 73 95 87 96 89 180 169 182 171 200 190 202 192 220 209 222 211 240 230 242 232 255 248 256 250
CZ 22 11 24 13 40 30 42 32 44 34 62 51 64 53 78 70 80 72 82 74 181 170 183 172 199 189 201 191 203 193 221 210 223 212 239 229 241 231 243 233
TICK
H 3 4 21 23 41 43 61 63 79 81 95 96 162 163 180 182 200 202 220 222 240 242 255 256 20 22 24 40 42 44 60 62 64 78 80 82 179 181 183 199 201 203 219 221 223 239 241 243
TICK
M 3 4 21 23 41 43 61 63 79 81 95 96 162 163 180 182 200 202 220 222 240 242 255 256 20 22 24 40 42 44 60 62 64 78 80 82 179 181 183 199 201 203 219 221 223 239 241 243
TICK
M 10 11 12 13 14 30 31 32 33 34 50 51 52 53 54 70 71 72 73 74 87 88 89 90 91 169 170 171 172 173 189 190 191 192 193 209 210 211 212 213 229 230 231 232 233 248 249 250 251 252
OBSERVABLE_INCLUDE(0) rec[-21] rec[-22] rec[-23] rec[-24] rec[-25] rec[-26] rec[-27] rec[-28] rec[-29] rec[-30] rec[-315] rec[-320] rec[-325] rec[-330] rec[-335] rec[-340] rec[-365] rec[-498] rec[-631] rec[-764] rec[-897]
