QUBIT_COORDS(2.5, 3.5) 0
QUBIT_COORDS(2.5, 5.5) 1
QUBIT_COORDS(2.5, 7.5) 2
QUBIT_COORDS(3, 3) 3
QUBIT_COORDS(3, 4) 4
QUBIT_COORDS(3, 5) 5
QUBIT_COORDS(3, 6) 6
QUBIT_COORDS(3, 7) 7
QUBIT_COORDS(3, 8) 8
QUBIT_COORDS(3.5, 2.5) 9
QUBIT_COORDS(3.5, 3.5) 10
QUBIT_COORDS(3.5, 4.5) 11
QUBIT_COORDS(3.5, 5.5) 12
QUBIT_COORDS(3.5, 6.5) 13
QUBIT_COORDS(3.5, 7.5) 14
QUBIT_COORDS(4, 3) 15
QUBIT_COORDS(4, 4) 16
QUBIT_COORDS(4, 5) 17
QUBIT_COORDS(4, 6) 18
QUBIT_COORDS(4, 7) 19
QUBIT_COORDS(4, 8) 20
QUBIT_COORDS(4.5, 4.5) 21
QUBIT_COORDS(4.5, 5.5) 22
QUBIT_COORDS(4.5, 6.5) 23
QUBIT_COORDS(4.5, 7.5) 24
QUBIT_COORDS(4.5, 8.5) 25
QUBIT_COORDS(5, 3) 26
QUBIT_COORDS(5, 4) 27
QUBIT_COORDS(5, 6) 28
QUBIT_COORDS(5, 7) 29
QUBIT_COORDS(5, 8) 30
QUBIT_COORDS(5.5, 4.5) 31
QUBIT_COORDS(5.5, 5.5) 32
QUBIT_COORDS(5.5, 6.5) 33
QUBIT_COORDS(6, 3) 34
QUBIT_COORDS(6, 4) 35
QUBIT_COORDS(6, 5) 36
QUBIT_COORDS(6.5, 2.5) 37
QUBIT_COORDS(6.5, 3.5) 38
QUBIT_COORDS(6.5, 4.5) 39
QUBIT_COORDS(7, 3) 40
QUBIT_COORDS(7, 4) 41
QUBIT_COORDS(7, 5) 42
QUBIT_COORDS(7.5, 3.5) 43
QUBIT_COORDS(7.5, 4.5) 44
QUBIT_COORDS(7.5, 5.5) 45
QUBIT_COORDS(8, 3) 46
QUBIT_COORDS(8, 4) 47
QUBIT_COORDS(8, 5) 48
QUBIT_COORDS(8.5, 2.5) 49
QUBIT_COORDS(8.5, 3.5) 50
QUBIT_COORDS(8.5, 4.5) 51
QUBIT_COORDS(9, 3) 52
QUBIT_COORDS(9, 4) 53
QUBIT_COORDS(9, 5) 54
QUBIT_COORDS(9.5, 4.5) 55
QUBIT_COORDS(10, 3) 56
QUBIT_COORDS(10, 4) 57
QUBIT_COORDS(10, 5) 58
QUBIT_COORDS(10, 6) 59
QUBIT_COORDS(10.5, 4.5) 60
QUBIT_COORDS(10.5, 7.5) 61
QUBIT_COORDS(11, 3) 62
QUBIT_COORDS(11, 4) 63
QUBIT_COORDS(11, 5) 64
QUBIT_COORDS(11, 6) 65
QUBIT_COORDS(11, 7) 66
QUBIT_COORDS(11, 8) 67
QUBIT_COORDS(11.5, 2.5) 68
QUBIT_COORDS(11.5, 3.5) 69
QUBIT_COORDS(11.5, 4.5) 70
QUBIT_COORDS(11.5, 5.5) 71
QUBIT_COORDS(11.5, 6.5) 72
QUBIT_COORDS(11.5, 7.5) 73
QUBIT_COORDS(12, 3) 74
QUBIT_COORDS(12, 4) 75
QUBIT_COORDS(12, 5) 76
QUBIT_COORDS(12, 6) 77
QUBIT_COORDS(12, 7) 78
QUBIT_COORDS(12, 8) 79
QUBIT_COORDS(12.5, 3.5) 80
QUBIT_COORDS(12.5, 4.5) 81
QUBIT_COORDS(12.5, 5.5) 82
QUBIT_COORDS(12.5, 6.5) 83
QUBIT_COORDS(12.5, 7.5) 84
QUBIT_COORDS(12.5, 8.5) 85
QUBIT_COORDS(13, 4) 86
QUBIT_COORDS(13, 5) 87
QUBIT_COORDS(13, 6) 88
QUBIT_COORDS(13, 7) 89
QUBIT_COORDS(13, 8) 90
QUBIT_COORDS(13.5, 4.5) 91
QUBIT_COORDS(13.5, 6.5) 92
#!pragma POLYGON(0,0,1,0.25) 18 28 29 19
#!pragma POLYGON(0,0,1,0.25) 7 19 20 8
#!pragma POLYGON(0,0,1,0.25) 18 6
#!pragma POLYGON(0,0,1,0.25) 30 20
#!pragma POLYGON(0,0,1,0.25) 77 88 89 78
#!pragma POLYGON(0,0,1,0.25) 66 78 79 67
#!pragma POLYGON(0,0,1,0.25) 77 65
#!pragma POLYGON(0,0,1,0.25) 90 79
#!pragma POLYGON(1,0,0,0.25) 6 18 19 7
#!pragma POLYGON(1,0,0,0.25) 19 29 30 20
#!pragma POLYGON(1,0,0,0.25) 28 29
#!pragma POLYGON(1,0,0,0.25) 7 8
#!pragma POLYGON(1,0,0,0.25) 65 77 78 66
#!pragma POLYGON(1,0,0,0.25) 78 89 90 79
#!pragma POLYGON(1,0,0,0.25) 66 67
#!pragma POLYGON(1,0,0,0.25) 88 89
TICK
R 6 7 8 18 19 20 28 29 30 88 89 90 65 66 67 77 78 79
TICK
R 2 13 24 33 12 14 23 25 71 83 73 85 61 84 72 92
TICK
H 2 13 24 33 12 14 23 25 71 83 73 85 61 84 72 92
TICK
CX 2 8 13 19 24 30 61 67 84 90 72 78
CZ 12 18 14 20 23 29 71 77 83 89 73 79
TICK
CX 2 7 13 18 24 29 61 66 84 89 72 77
CZ 12 6 14 8 23 19 71 65 83 78 73 67
TICK
CX 13 7 24 20 33 29 84 79 72 66 92 89
CZ 14 19 23 28 25 30 83 88 73 78 85 90
TICK
CX 13 6 24 19 33 28 84 78 72 65 92 88
CZ 14 7 23 18 25 20 83 77 73 66 85 79
TICK
H 2 13 24 33 12 14 23 25 71 83 73 85 61 84 72 92
TICK
M 2 13 24 33 12 14 23 25 71 83 73 85 61 84 72 92
TICK
R 2 13 24 33 12 14 23 25 71 83 73 85 61 84 72 92
TICK
H 2 13 24 33 12 14 23 25 71 83 73 85 61 84 72 92
TICK
CX 2 7 13 18 24 29 61 66 84 89 72 77
CZ 14 19 23 28 25 30 83 88 73 78 85 90
TICK
CX 2 8 13 19 24 30 61 67 84 90 72 78
CZ 14 7 23 18 25 20 83 77 73 66 85 79
TICK
CX 13 6 24 19 33 28 84 78 72 65 92 88
CZ 12 18 14 20 23 29 71 77 83 89 73 79
TICK
CX 13 7 24 20 33 29 84 79 72 66 92 89
CZ 12 6 14 8 23 19 71 65 83 78 73 67
TICK
H 2 13 24 33 12 14 23 25 71 83 73 85 61 84 72 92
TICK
M 2 13 24 33 12 14 23 25 71 83 73 85 61 84 72 92
TICK
R 2 13 24 33 12 14 23 25 71 83 73 85 61 84 72 92
TICK
H 2 13 24 33 12 14 23 25 71 83 73 85 61 84 72 92
TICK
CX 2 8 13 19 24 30 61 67 84 90 72 78
CZ 12 18 14 20 23 29 71 77 83 89 73 79
TICK
CX 2 7 13 18 24 29 61 66 84 89 72 77
CZ 12 6 14 8 23 19 71 65 83 78 73 67
TICK
CX 13 7 24 20 33 29 84 79 72 66 92 89
CZ 14 19 23 28 25 30 83 88 73 78 85 90
TICK
CX 13 6 24 19 33 28 84 78 72 65 92 88
CZ 14 7 23 18 25 20 83 77 73 66 85 79
TICK
H 2 13 24 33 12 14 23 25 71 83 73 85 61 84 72 92
TICK
M 2 13 24 33 12 14 23 25 71 83 73 85 61 84 72 92
TICK
#!pragma POLYGON(0,0,1,0.25) 18 28 29 19
#!pragma POLYGON(0,0,1,0.25) 7 19 20 8
#!pragma POLYGON(0,0,1,0.25) 5 17 18 6
#!pragma POLYGON(0,0,1,0.25) 3 15 16 4
#!pragma POLYGON(0,0,1,0.25) 41 47 48 42
#!pragma POLYGON(0,0,1,0.25) 46 52 53 47
#!pragma POLYGON(0,0,1,0.25) 16 21 17
#!pragma POLYGON(0,0,1,0.25) 31 21
#!pragma POLYGON(0,0,1,0.25) 35 36 31
#!pragma POLYGON(0,0,1,0.25) 34 40 41 35
#!pragma POLYGON(0,0,1,0.25) 30 20
#!pragma POLYGON(0,0,1,0.25) 53 55 54
#!pragma POLYGON(0,0,1,0.25) 60 55
#!pragma POLYGON(0,0,1,0.25) 63 64 60
#!pragma POLYGON(0,0,1,0.25) 77 88 89 78
#!pragma POLYGON(0,0,1,0.25) 66 78 79 67
#!pragma POLYGON(0,0,1,0.25) 75 86 87 76
#!pragma POLYGON(0,0,1,0.25) 64 76 77 65
#!pragma POLYGON(0,0,1,0.25) 62 74 75 63
#!pragma POLYGON(0,0,1,0.25) 90 79
#!pragma POLYGON(1,0,0,0.25) 6 18 19 7
#!pragma POLYGON(1,0,0,0.25) 19 29 30 20
#!pragma POLYGON(1,0,0,0.25) 4 16 17 5
#!pragma POLYGON(1,0,0,0.25) 40 46 47 41
#!pragma POLYGON(1,0,0,0.25) 47 53 54 48
#!pragma POLYGON(1,0,0,0.25) 28 29
#!pragma POLYGON(1,0,0,0.25) 48 42
#!pragma POLYGON(1,0,0,0.25) 26 15
#!pragma POLYGON(1,0,0,0.25) 34 26
#!pragma POLYGON(1,0,0,0.25) 26 27
#!pragma POLYGON(1,0,0,0.25) 27 16
#!pragma POLYGON(1,0,0,0.25) 35 27
#!pragma POLYGON(1,0,0,0.25) 35 41 42 36
#!pragma POLYGON(1,0,0,0.25) 17 22 18
#!pragma POLYGON(1,0,0,0.25) 32 22
#!pragma POLYGON(1,0,0,0.25) 32 28
#!pragma POLYGON(1,0,0,0.25) 36 32
#!pragma POLYGON(1,0,0,0.25) 7 8
#!pragma POLYGON(1,0,0,0.25) 5 6
#!pragma POLYGON(1,0,0,0.25) 3 4
#!pragma POLYGON(1,0,0,0.25) 65 77 78 66
#!pragma POLYGON(1,0,0,0.25) 78 89 90 79
#!pragma POLYGON(1,0,0,0.25) 63 75 76 64
#!pragma POLYGON(1,0,0,0.25) 76 87 88 77
#!pragma POLYGON(1,0,0,0.25) 66 67
#!pragma POLYGON(1,0,0,0.25) 56 52
#!pragma POLYGON(1,0,0,0.25) 62 56
#!pragma POLYGON(1,0,0,0.25) 56 57
#!pragma POLYGON(1,0,0,0.25) 57 53
#!pragma POLYGON(1,0,0,0.25) 63 57
#!pragma POLYGON(1,0,0,0.25) 58 54
#!pragma POLYGON(1,0,0,0.25) 64 58
#!pragma POLYGON(1,0,0,0.25) 58 59
#!pragma POLYGON(1,0,0,0.25) 65 59
#!pragma POLYGON(1,0,0,0.25) 88 89
#!pragma POLYGON(1,0,0,0.25) 86 87
#!pragma POLYGON(1,0,0,0.25) 74 86 75
#!pragma POLYGON(1,0,0,0.25) 15 3
#!pragma POLYGON(1,0,0,0.25) 40 34
#!pragma POLYGON(1,0,0,0.25) 52 46
#!pragma POLYGON(1,0,0,0.25) 74 62
TICK
R 3 4 5 15 16 17 34 35 36 40 41 42 46 47 48 52 53 54 62 63 64 74 75 76 86 87
TICK
R 0 1 2 9 11 13 22 24 33 10 12 14 21 23 25 43 49 51 45 44 50 37 39 38 31 32 26 27 69 71 81 83 73 85 61 84 72 82 70 80 91 92 56 57 58 59 55 60 68
TICK
H 0 1 2 9 11 13 22 24 33 10 12 14 21 23 25 43 49 51 45 44 50 37 39 38 26 69 71 81 83 73 85 61 84 72 82 70 80 91 92 56 57 58 59 55 60 68
TICK
CX 0 3 1 5 2 7 11 16 13 18 24 29 43 40 51 47 45 42 39 35 21 31 22 32 26 27 61 66 84 89 72 77 82 87 70 75 58 54 56 52
CZ 10 15 12 17 14 19 23 28 25 30 44 41 50 46 38 34 69 74 71 76 81 86 83 88 73 78 85 90 55 53 60 63
TICK
CX 58 64 56 62
TICK
CX 0 4 1 6 2 8 9 15 11 17 13 19 24 30 43 46 51 53 45 48 39 41 32 36 26 34 61 67 84 90 72 78 82 88 70 76 80 86 57 63 59 65 68 74
CZ 10 3 12 5 14 7 21 16 23 18 25 20 44 42 50 47 38 35 69 62 71 64 81 75 83 77 73 66 85 79 55 54
TICK
CX 11 4 13 6 22 17 24 19 33 28 43 41 49 46 51 48 37 34 39 36 26 15 84 78 72 65 82 76 70 63 80 74 91 86 92 88 57 53
CZ 10 16 12 18 14 20 23 29 44 47 50 52 38 40 31 35 69 75 71 77 81 87 83 89 73 79 60 64
TICK
CX 9 3 11 5 13 7 22 18 24 20 33 29 43 47 49 52 51 54 37 40 39 42 32 28 27 16 84 79 72 66 82 77 70 64 80 75 91 87 92 89 58 59 56 57 55 60 68 62
CZ 10 4 12 6 14 8 21 17 23 19 44 48 50 53 38 41 31 36 69 63 71 65 81 76 83 78 73 67
TICK
CX 27 35
TICK
H 0 1 2 9 11 13 22 24 33 10 12 14 21 23 25 43 49 51 45 44 50 37 39 38 32 31 27 26 69 71 81 83 73 85 61 84 72 82 70 80 91 92 56 55 58 68
TICK
M 0 1 2 9 11 13 22 24 33 10 12 14 21 23 25 43 49 51 45 44 50 37 39 38 32 31 27 26 69 71 81 83 73 85 61 84 72 82 70 80 91 92 56 55 58 59 60 57 68
TICK
R 0 1 2 9 11 13 22 24 33 10 12 14 21 23 25 43 49 51 45 44 50 37 39 38 32 31 27 26 69 71 81 83 73 85 61 84 72 82 70 80 91 92 56 55 58 59 60 57 68
TICK
H 0 1 2 9 11 13 22 24 33 10 12 14 21 23 25 43 49 51 45 44 50 37 39 38 26 69 71 81 83 73 85 61 84 72 82 70 80 91 92 56 55 58 59 60 57 68
TICK
CX 0 4 1 6 2 8 9 15 11 17 13 19 24 30 43 41 49 46 51 48 37 34 39 36 26 27 21 31 22 32 61 67 84 90 72 78 82 88 70 76 80 86 57 53 68 74
CZ 10 16 12 18 14 20 23 29 44 42 50 47 38 35 69 75 71 77 81 87 83 89 73 79 55 54 60 64
TICK
CX 57 63 59 65
TICK
CX 0 3 1 5 2 7 11 16 13 18 24 29 43 47 49 52 51 54 37 40 39 42 32 28 27 35 61 66 84 89 72 77 82 87 70 75 56 62 58 64
CZ 10 4 12 6 14 8 21 17 23 19 44 41 50 46 38 34 69 63 71 65 81 76 83 78 73 67 55 53
TICK
CX 9 3 11 5 13 7 22 18 24 20 33 29 43 40 51 47 45 42 39 35 27 16 84 79 72 66 82 77 70 64 80 75 91 87 92 89 58 54 56 52 68 62
CZ 10 15 12 17 14 19 23 28 25 30 44 48 50 53 38 41 31 36 69 74 71 76 81 86 83 88 73 78 85 90 60 63
TICK
CX 11 4 13 6 22 17 24 19 33 28 43 46 51 53 45 48 39 41 32 36 26 15 84 78 72 65 82 76 70 63 80 74 91 86 92 88 56 57 58 59 55 60
CZ 10 3 12 5 14 7 21 16 23 18 25 20 44 47 50 52 38 40 31 35 69 62 71 64 81 75 83 77 73 66 85 79
TICK
CX 26 34
TICK
H 0 1 2 9 11 13 22 24 33 10 12 14 21 23 25 43 49 51 45 44 50 37 39 38 26 27 31 32 69 71 81 83 73 85 61 84 72 82 70 80 91 92 56 55 58 68
TICK
M 0 1 2 9 11 13 22 24 33 10 12 14 21 23 25 43 49 51 45 44 50 37 39 38 26 27 31 32 69 71 81 83 73 85 61 84 72 82 70 80 91 92 56 55 58 60 57 59 68
TICK
R 0 1 2 9 11 13 22 24 33 10 12 14 21 23 25 43 49 51 45 44 50 37 39 38 31 32 26 27 69 71 81 83 73 85 61 84 72 82 70 80 91 92 56 57 58 59 55 60 68
TICK
H 0 1 2 9 11 13 22 24 33 10 12 14 21 23 25 43 49 51 45 44 50 37 39 38 26 69 71 81 83 73 85 61 84 72 82 70 80 91 92 56 57 58 59 55 60 68
TICK
CX 0 3 1 5 2 7 11 16 13 18 24 29 43 40 51 47 45 42 39 35 21 31 22 32 26 27 61 66 84 89 72 77 82 87 70 75 58 54 56 52
CZ 10 15 12 17 14 19 23 28 25 30 44 41 50 46 38 34 69 74 71 76 81 86 83 88 73 78 85 90 55 53 60 63
TICK
CX 58 64 56 62
TICK
CX 0 4 1 6 2 8 9 15 11 17 13 19 24 30 43 46 51 53 45 48 39 41 32 36 26 34 61 67 84 90 72 78 82 88 70 76 80 86 57 63 59 65 68 74
CZ 10 3 12 5 14 7 21 16 23 18 25 20 44 42 50 47 38 35 69 62 71 64 81 75 83 77 73 66 85 79 55 54
TICK
CX 11 4 13 6 22 17 24 19 33 28 43 41 49 46 51 48 37 34 39 36 26 15 84 78 72 65 82 76 70 63 80 74 91 86 92 88 57 53
CZ 10 16 12 18 14 20 23 29 44 47 50 52 38 40 31 35 69 75 71 77 81 87 83 89 73 79 60 64
TICK
CX 9 3 11 5 13 7 22 18 24 20 33 29 43 47 49 52 51 54 37 40 39 42 32 28 27 16 84 79 72 66 82 77 70 64 80 75 91 87 92 89 58 59 56 57 55 60 68 62
CZ 10 4 12 6 14 8 21 17 23 19 44 48 50 53 38 41 31 36 69 63 71 65 81 76 83 78 73 67
TICK
CX 27 35
TICK
H 0 1 2 9 11 13 22 24 33 10 12 14 21 23 25 43 49 51 45 44 50 37 39 38 32 31 27 26 69 71 81 83 73 85 61 84 72 82 70 80 91 92 56 55 58 68
TICK
M 0 1 2 9 11 13 22 24 33 10 12 14 21 23 25 43 49 51 45 44 50 37 39 38 32 31 27 26 69 71 81 83 73 85 61 84 72 82 70 80 91 92 56 55 58 59 60 57 68
TICK
M 3 15 4 16 5 17 34 35 36 40 41 42 46 47 48 52 53 54 62 63 64 74 75 76 86 87
TICK
R 2 13 24 33 12 14 23 25 71 83 73 85 61 84 72 92
TICK
H 2 13 24 33 12 14 23 25 71 83 73 85 61 84 72 92
TICK
CX 2 8 13 19 24 30 61 67 84 90 72 78
CZ 12 18 14 20 23 29 71 77 83 89 73 79
TICK
CX 2 7 13 18 24 29 61 66 84 89 72 77
CZ 12 6 14 8 23 19 71 65 83 78 73 67
TICK
CX 13 7 24 20 33 29 84 79 72 66 92 89
CZ 14 19 23 28 25 30 83 88 73 78 85 90
TICK
CX 13 6 24 19 33 28 84 78 72 65 92 88
CZ 14 7 23 18 25 20 83 77 73 66 85 79
TICK
H 2 13 24 33 12 14 23 25 71 83 73 85 61 84 72 92
TICK
M 2 13 24 33 12 14 23 25 71 83 73 85 61 84 72 92
TICK
R 2 13 24 33 12 14 23 25 71 83 73 85 61 84 72 92
TICK
H 2 13 24 33 12 14 23 25 71 83 73 85 61 84 72 92
TICK
CX 2 7 13 18 24 29 61 66 84 89 72 77
CZ 14 19 23 28 25 30 83 88 73 78 85 90
TICK
CX 2 8 13 19 24 30 61 67 84 90 72 78
CZ 14 7 23 18 25 20 83 77 73 66 85 79
TICK
CX 13 6 24 19 33 28 84 78 72 65 92 88
CZ 12 18 14 20 23 29 71 77 83 89 73 79
TICK
CX 13 7 24 20 33 29 84 79 72 66 92 89
CZ 12 6 14 8 23 19 71 65 83 78 73 67
TICK
H 2 13 24 33 12 14 23 25 71 83 73 85 61 84 72 92
TICK
M 2 13 24 33 12 14 23 25 71 83 73 85 61 84 72 92
TICK
R 2 13 24 33 12 14 23 25 71 83 73 85 61 84 72 92
TICK
H 2 13 24 33 12 14 23 25 71 83 73 85 61 84 72 92
TICK
CX 2 8 13 19 24 30 61 67 84 90 72 78
CZ 12 18 14 20 23 29 71 77 83 89 73 79
TICK
CX 2 7 13 18 24 29 61 66 84 89 72 77
CZ 12 6 14 8 23 19 71 65 83 78 73 67
TICK
CX 13 7 24 20 33 29 84 79 72 66 92 89
CZ 14 19 23 28 25 30 83 88 73 78 85 90
TICK
CX 13 6 24 19 33 28 84 78 72 65 92 88
CZ 14 7 23 18 25 20 83 77 73 66 85 79
TICK
H 2 13 24 33 12 14 23 25 71 83 73 85 61 84 72 92
TICK
M 2 13 24 33 12 14 23 25 71 83 73 85 61 84 72 92
TICK
M 6 7 8 18 19 20 28 29 30 65 66 67 77 78 79 88 89 90
OBSERVABLE_INCLUDE(0) rec[-7] rec[-8] rec[-9] rec[-10] rec[-11] rec[-12] rec[-75] rec[-78] rec[-81] rec[-84] rec[-96] rec[-143] rec[-194]
